[HIGHLIGHTING]
zoom=14
PointLon_0=-1.81326879517415
PointLat_0=43.3513534483666
PointLon_1=-1.8105222131429
PointLat_1=43.3494186314996
PointLon_2=-1.5808641142871
PointLat_2=43.349293802487
PointLon_3=-1.58069245291015
PointLat_3=43.4503814708726
PointLon_4=-1.41511338031342
PointLat_4=43.4503814708726
PointLon_5=-1.41459839618256
PointLat_5=43.6946456174295
PointLon_6=-1.4210356978183
PointLat_6=43.6990515955107
PointLon_7=-1.64815262356012
PointLat_7=43.6986172176912
PointLon_8=-1.64832428493707
PointLat_8=43.597894070637
PointLon_9=-1.81364605743717
PointLat_9=43.5979562289499

