[HIGHLIGHTING]
zoom=13
PointLon_0=6.92864975126222
PointLat_0=43.4795029116982
PointLon_1=6.93131050260499
PointLat_1=43.4774476197885
PointLon_2=7.0614080587345
PointLat_2=43.4768247902558
PointLon_3=7.06046392116126
PointLat_3=43.4903387492583
PointLon_4=7.08209325465735
PointLat_4=43.4903387492583
PointLon_5=7.08198050320429
PointLat_5=43.5047511328692
PointLon_6=7.10103491604609
PointLat_6=43.5047511328692
PointLon_7=7.10129240811152
PointLat_7=43.5246070460826
PointLon_8=7.11596945584101
PointLat_8=43.5246070460826
PointLon_9=7.11596945584101
PointLat_9=43.4870682708589
PointLon_10=7.12120512783808
PointLat_10=43.4832072391422
PointLon_11=7.21783834379702
PointLat_11=43.4835186218161
PointLon_12=7.21805514908474
PointLat_12=43.573612193854
PointLon_13=7.26232202632254
PointLat_13=43.5734256432952
PointLon_14=7.26154955012625
PointLat_14=43.6065463837382
PointLon_15=7.34842430796534
PointLat_15=43.6068571299664
PointLon_16=7.34807963202763
PointLat_16=43.6574903056881
PointLon_17=7.57460603794956
PointLat_17=43.6577386921611
PointLon_18=7.57383356175327
PointLat_18=43.7915632115582
PointLon_19=7.56988535008335
PointLat_19=43.7939795217582
PointLon_20=7.38068206938204
PointLat_20=43.7939175663068
PointLon_21=7.38033874662813
PointLat_21=43.774584329208
PointLon_22=7.34728415875042
PointLat_22=43.7734237360754
PointLon_23=7.34040601201637
PointLat_23=43.7410842956415
PointLon_24=7.29937894292457
PointLat_24=43.7409602750505
PointLon_25=7.29937894292457
PointLat_25=43.729301192421
PointLon_26=7.2937999481736
PointLat_26=43.7291151248295
PointLon_27=7.29252373293799
PointLat_27=43.7066884279907
PointLon_28=7.2767308862583
PointLat_28=43.7061300127829
PointLon_29=7.27604424075049
PointLat_29=43.6998629964724
PointLon_30=7.23944569926148
PointLat_30=43.6942495900367
PointLon_31=7.23172093729859
PointLat_31=43.685933145109
PointLon_32=7.18435533268382
PointLat_32=43.6841331656891
PointLon_33=7.14023835880687
PointLat_33=43.6843814419236
PointLon_34=7.14043309365835
PointLat_34=43.6550071177449
PointLon_35=7.11640050088491
PointLat_35=43.6549450183982
PointLon_36=7.11579968606558
PointLat_36=43.5786403468033
PointLon_37=7.11468388711538
PointLat_37=43.5735415159798
PointLon_38=7.06652458735632
PointLat_38=43.5719869085079
PointLon_39=7.05969813341508
PointLat_39=43.5624718364565
PointLon_40=6.97719930775229
PointLat_40=43.558229000872
PointLon_41=6.95728658802572
PointLat_41=43.5462855508062
PointLon_42=6.92913051343133
PointLat_42=43.5461807523915

