[HIGHLIGHTING]
zoom=14
PointLon_0=3.52871803259443
PointLat_0=43.3569819411015
PointLon_1=3.53412536596846
PointLat_1=43.3569819411015
PointLon_2=3.53433994268965
PointLat_2=43.3584172774001
PointLon_3=3.53927520727705
PointLat_3=43.3582924668959
PointLon_4=3.54107765173506
PointLat_4=43.357356379931
PointLon_5=3.54099182104658
PointLat_5=43.3487749098397
PointLon_6=3.5301342389543
PointLat_6=43.3487437022797
PointLon_7=3.53004840826582
PointLat_7=43.3424706569701
PointLon_8=3.56617783536725
PointLat_8=43.3425955000145
PointLon_9=3.56935357084089
PointLat_9=43.3407852507437
PointLon_10=3.56905316343122
PointLat_10=43.3119582174019
PointLon_11=3.56630658139997
PointLat_11=43.3118957644199
PointLon_12=3.56649883219969
PointLat_12=43.2517324333203
PointLon_13=3.42507104922724
PointLat_13=43.2514511160545
PointLon_14=3.42485647250605
PointLat_14=43.3016818289076
PointLon_15=3.45463972140741
PointLat_15=43.3020566088062
PointLon_16=3.45489721347284
PointLat_16=43.3210992174216
PointLon_17=3.495561544569
PointLat_17=43.3209431083315
PointLon_18=3.49590486732291
PointLat_18=43.3168841312001
PointLon_19=3.50684828010367
PointLat_19=43.3171026984143
PointLon_20=3.50749201026724
PointLat_20=43.3207245549316
PointLon_21=3.52811115630797
PointLat_21=43.3209118864654

