[HIGHLIGHTING]
zoom=16
PointLon_0=-0.475419532170718
PointLat_0=49.3560111301834
PointLon_1=-0.443061362615054
PointLat_1=49.3558154573381
PointLon_2=-0.443318854680483
PointLat_2=49.331965496159
PointLon_3=-0.454820166936343
PointLat_3=49.3324968638479
PointLon_4=-0.455292235722964
PointLat_4=49.3298959041711
PointLon_5=-0.475805770268862
PointLat_5=49.329867936116

