[HIGHLIGHTING]
zoom=14
PointLon_0=6.89407450595405
PointLat_0=43.4384234052397
PointLon_1=6.89755064883735
PointLat_1=43.437769011861
PointLon_2=6.89789397159125
PointLat_2=43.4355253236902
PointLon_3=6.89819437900092
PointLat_3=43.3807831145158
PointLon_4=6.85401989853496
PointLat_4=43.3809390697657
PointLon_5=6.85423447525615
PointLat_5=43.3677283258855
PointLon_6=6.8263223482299
PointLat_6=43.3676659302426
PointLon_7=6.82645109426262
PointLat_7=43.3451198148588
PointLon_8=6.71313782012557
PointLat_8=43.3452758618145
PointLon_9=6.70931835448836
PointLat_9=43.3481158463221
PointLon_10=6.70953293120955
PointLat_10=43.4039177560381
PointLon_11=6.72888775146101
PointLat_11=43.4038865768442
PointLon_12=6.7287590054283
PointLat_12=43.4164816648112
PointLon_13=6.73957367217635
PointLat_13=43.4167310460475
PointLon_14=6.74017448699568
PointLat_14=43.4304370049123
PointLon_15=6.78176530814292
PointLat_15=43.4305616669186
PointLon_16=6.78262361502768
PointLat_16=43.4225204416857
PointLon_17=6.81652673697593
PointLat_17=43.4227697980508
PointLon_18=6.84581186894859
PointLat_18=43.4250762957393
PointLon_19=6.84568312291587
PointLat_19=43.4381967252995

