[HIGHLIGHTING]
zoom=16
PointLon_0=-4.35499297202705
PointLat_0=48.1100892648039
PointLon_1=-4.31418047965644
PointLat_1=48.1099173366835
PointLon_2=-4.31482420982002
PointLat_2=48.0850200765351
PointLon_3=-4.32628260673164
PointLat_3=48.0849054019499
PointLon_4=-4.32662592948555
PointLat_4=48.080375551335
PointLon_5=-4.33194743217109
PointLat_5=48.0804042225299
PointLon_6=-4.3452941042292
PointLat_6=48.0951104388633
PointLon_7=-4.35495005668281
PointLat_7=48.0952537536127

