[HIGHLIGHTING]
zoom=14
PointLon_0=3.7427688147165
PointLat_0=43.4366728806886
PointLon_1=3.79366641298311
PointLat_1=43.4367352053015
PointLon_2=3.79675631776826
PointLat_2=43.4348031124538
PointLon_3=3.79701380983369
PointLat_3=43.3668864072038
PointLon_4=3.71427302614229
PointLat_4=43.3670112000292
PointLon_5=3.71410136476533
PointLat_5=43.3633921038593
PointLon_6=3.62794978798208
PointLat_6=43.3636417036305
PointLon_7=3.62777812660513
PointLat_7=43.2986013858621
PointLon_8=3.56625422721526
PointLat_8=43.2984764523863
PointLon_9=3.56616839652678
PointLat_9=43.2516954268383
PointLon_10=3.42519396658329
PointLat_10=43.2518204563931
PointLon_11=3.424421490387
PointLat_11=43.3021587248412
PointLon_12=3.45420473928837
PointLat_12=43.3022836507508
PointLon_13=3.45514887686161
PointLat_13=43.3210820736084
PointLon_14=3.49564151019036
PointLat_14=43.3208947425994
PointLon_15=3.49598483294427
PointLat_15=43.3171480011222
PointLon_16=3.50714282244622
PointLat_16=43.3168982101423
PointLon_17=3.50774363726556
PointLat_17=43.3208947425994
PointLon_18=3.52319316119134
PointLat_18=43.3213318473887
PointLon_19=3.52293852427739
PointLat_19=43.4196455305989
PointLon_20=3.57564889007747
PointLat_20=43.4194585037704
PointLon_21=3.57659302765071
PointLat_21=43.4556062826956
PointLon_22=3.61650579172245
PointLat_22=43.4559100157653
PointLon_23=3.66542928415409
PointLat_23=43.4661894384747
PointLon_24=3.71458114673369
PointLat_24=43.4658156719067
PointLon_25=3.71432365466826
PointLat_25=43.4259339676699
PointLon_26=3.74230445911162
PointLat_26=43.426120974495

