[HIGHLIGHTING]
zoom=16
PointLon_0=-1.4653799091773
PointLat_0=43.6686499652238
PointLon_1=-1.44018860210943
PointLat_1=43.6686189226134
PointLon_2=-1.44057484020758
PointLat_2=43.6652041374601
PointLon_3=-1.43203468670416
PointLat_3=43.6651420486591
PointLon_4=-1.43182010998297
PointLat_4=43.6686499652238
PointLon_5=-1.42885895123052
PointLat_5=43.6674703347437
PointLon_6=-1.42868728985357
PointLat_6=43.6463882926188
PointLon_7=-1.4653799091773
PointLat_7=43.6466677789889

