[HIGHLIGHTING]
zoom=16
PointLon_0=0.0533230862963441
PointLat_0=49.3799286158876
PointLon_1=0.0656827054369691
PointLat_1=49.3817725957184
PointLon_2=0.092075642143512
PointLat_2=49.3814093930421
PointLon_3=0.0912602506029847
PointLat_3=49.357096650824
PointLon_4=0.0528939328539613
PointLat_4=49.3574600331655

