[HIGHLIGHTING]
zoom=14
PointLon_0=-1.31525278682595
PointLat_0=46.0136395514614
PointLon_1=-1.25221814545225
PointLat_1=46.0138183760922
PointLon_2=-1.25187482269834
PointLat_2=46.0461700946685
PointLon_3=-1.09738629286539
PointLat_3=46.0462087485729
PointLon_4=-1.09074027936739
PointLat_4=46.0137266897785
PointLon_5=-1.07537658613009
PointLat_5=46.0136372773872
PointLon_6=-1.07082755964083
PointLat_6=46.0100606631947
PointLon_7=-1.07066773694925
PointLat_7=45.9994380072453
PointLon_8=-1.05736398023538
PointLat_8=45.999497630825
PointLon_9=-1.05702375768801
PointLat_9=45.9829591662312
PointLon_10=-0.980189467069599
PointLat_10=45.9832241942157
PointLon_11=-0.959332609769794
PointLat_11=45.9632748303421
PointLon_12=-0.944140577909443
PointLat_12=45.9631853364168
PointLon_13=-0.943685726896948
PointLat_13=45.9529169265199
PointLon_14=-0.898078380473779
PointLat_14=45.9529467633731
PointLon_15=-0.897262988933252
PointLat_15=45.9502613822564
PointLon_16=-0.883916316875146
PointLat_16=45.9502315439575
PointLon_17=-0.884302554973291
PointLat_17=45.9285108643011
PointLon_18=-0.943631932993956
PointLat_18=45.9283616141107
PointLon_19=-0.944063205550063
PointLat_19=45.9120658330911
PointLon_20=-1.01408032270346
PointLat_20=45.9120658330911
PointLon_21=-1.0135653385726
PointLat_21=45.9376343310076
PointLon_22=-1.07050400077033
PointLat_22=45.9376343310076
PointLon_23=-1.07064155639087
PointLat_23=45.866261863895
PointLon_24=-1.09557767943717
PointLat_24=45.870194028497
PointLon_25=-1.10678924554319
PointLat_25=45.861386388307
PointLon_26=-1.11640228265257
PointLat_26=45.8604897980721
PointLon_27=-1.11768972782554
PointLat_27=45.8262535253542
PointLon_28=-1.10108148960532
PointLat_28=45.8259544747537
PointLon_29=-1.10086691288413
PointLat_29=45.779334234574
PointLon_30=-1.07001282374402
PointLat_30=45.7789750713117
PointLon_31=-1.07117153803846
PointLat_31=45.7650257752684
PointLon_32=-1.15490718416206
PointLat_32=45.7653850283732
PointLon_33=-1.15482135347358
PointLat_33=45.7924174220098
PointLon_34=-1.17814229359545
PointLat_34=45.7924174220098
PointLon_35=-1.17843827938457
PointLat_35=45.7642946696781
PointLon_36=-1.31550006727519
PointLat_36=45.7649742759277

