[HIGHLIGHTING]
zoom=16
PointLon_0=1.51107762390437
PointLat_0=50.6955888024293
PointLon_1=1.51180718475642
PointLat_1=50.7954897815815
PointLon_2=1.6204877939873
PointLat_2=50.7950828842162
PointLon_3=1.61980114847949
PointLat_3=50.7390746268752
PointLon_4=1.60855732828906
PointLat_4=50.7390474677637
PointLon_5=1.6086002436333
PointLat_5=50.7282368907705
PointLon_6=1.61954365641406
PointLat_6=50.7279109049769
PointLon_7=1.61954365641406
PointLat_7=50.7118737303367
PointLon_8=1.60551033884814
PointLat_8=50.7117106808009
PointLon_9=1.57577429527806
PointLat_9=50.6979845775445
PointLon_10=1.57598887199925
PointLat_10=50.6952933906279

