[HIGHLIGHTING]
zoom=15
PointLon_0=9.33292574726299
PointLat_0=42.7210525741317
PointLon_1=9.33623022876934
PointLat_1=42.7186878977948
PointLon_2=9.33614439808086
PointLat_2=42.6913284763296
PointLon_3=9.32472891651348
PointLat_3=42.6912023021327
PointLon_4=9.31703739189083
PointLat_4=42.6758923944234
PointLon_5=9.31712322257931
PointLat_5=42.6703706619124
PointLon_6=9.25603895706206
PointLat_6=42.6704337701981
PointLon_7=9.25578146499663
PointLat_7=42.6880700242431
PointLon_8=9.23985316189651
PointLat_8=42.687853726966
PointLon_9=9.23993899258498
PointLat_9=42.7207644376486

