[HIGHLIGHTING]
zoom=9
PointLon_0=-1.51405684173501
PointLat_0=48.2361589087036
PointLon_1=-1.50856367767251
PointLat_1=47.2088929542665
PointLon_2=-0.0858341854850053
PointLat_2=44.863180662504
PointLon_3=-1.26752199821674
PointLat_3=43.1839102729744
PointLon_4=1.97893796272078
PointLat_4=43.1197902353753
PointLon_5=3.90996356220725
PointLat_5=43.8966647542293
PointLon_6=4.66252703876975
PointLat_6=43.8768698291878
PointLon_7=4.69548602314475
PointLat_7=44.2046137306438
PointLon_8=8.07304175506937
PointLat_8=44.7242479382646
PointLon_9=10.2153757394444
PointLat_9=44.708634221505
PointLon_10=10.2263620675694
PointLat_10=44.5091900476594
PointLon_11=12.5574237482111
PointLat_11=44.5209410152388
PointLon_12=13.776906170086
PointLat_12=43.6529202543559
PointLon_13=14.159743783535
PointLat_13=42.7227183735597
PointLon_14=15.22541761166
PointLat_14=42.0736759685799
PointLon_15=16.25813245541
PointLat_15=42.0492063339267
PointLon_16=16.3832189355443
PointLat_16=41.9465793407398
PointLon_17=16.359594627277
PointLat_17=34.6265563441826
PointLon_18=7.91363724382823
PointLat_18=34.6536729723749
PointLon_19=7.95208939226573
PointLat_19=35.4719819295944
PointLon_20=4.44650452784817
PointLat_20=35.4451356732268
PointLon_21=4.45749085597317
PointLat_21=33.6307588488557
PointLon_22=-5.39628339614681
PointLat_22=33.6490518675415
PointLon_23=-5.42374921645931
PointLat_23=34.7891230276659
PointLon_24=-34.2885996660941
PointLat_24=34.7936342066697
PointLon_25=-34.3050791582816
PointLat_25=60.6703638355783
PointLon_26=-0.921521472035192
PointLat_26=60.6138087774781
PointLon_27=-0.877576159535192
PointLat_27=48.2235474751965

