[HIGHLIGHTING]
zoom=16
PointLon_0=-3.6186219848831
PointLat_0=47.776743689808
PointLon_1=-3.60883728639677
PointLat_1=47.7767148497777
PointLon_2=-3.60849396364286
PointLat_2=47.7792815498269
PointLon_3=-3.59630600587919
PointLat_3=47.7793680655985
PointLon_4=-3.59626309053495
PointLat_4=47.7569845214682
PointLon_5=-3.61870781557158
PointLat_5=47.7569845214682

