[HIGHLIGHTING]
zoom=16
PointLon_0=-1.80357366780844
PointLat_0=43.3488550408399
PointLon_1=-1.80370241384115
PointLat_1=43.3618983786009
PointLon_2=-1.81262880544272
PointLat_2=43.3620855831347
PointLon_3=-1.81292333116654
PointLat_3=43.4335322294612
PointLon_4=-1.73074012591608
PointLat_4=43.4335322294612
PointLon_5=-1.72833686663873
PointLat_5=43.4319116828939
PointLon_6=-1.72833686663873
PointLat_6=43.3556132864119
PointLon_7=-1.75185447528131
PointLat_7=43.3559565298356
PointLon_8=-1.75198322131403
PointLat_8=43.3487792177783

