[HIGHLIGHTING]
zoom=16
PointLon_0=-1.81428216095725
PointLat_0=49.6326829060861
PointLon_1=-2.01544611724318
PointLat_1=49.6330720435156
PointLon_2=-2.01437323363722
PointLat_2=49.7690904099587
PointLon_3=-1.78060903041015
PointLat_3=49.768314307641
PointLon_4=-1.78081504331651
PointLat_4=49.7305614782683
PointLon_5=-1.7527509375426
PointLat_5=49.7320933810799
PointLon_6=-1.7521930380675
PointLat_6=49.758247463288
PointLon_7=-1.50073861278273
PointLat_7=49.7579505396814
PointLon_8=-1.50065278209425
PointLat_8=49.7894770683691
PointLon_9=-1.19342566574651
PointLat_9=49.788590466383
PointLon_10=-1.19372607315618
PointLat_10=49.7247625874032
PointLon_11=-1.13023730145917
PointLat_11=49.7247903304531
PointLon_12=-1.13040896283612
PointLat_12=49.5250837209184
PointLon_13=-1.30984692304775
PointLat_13=49.5259751367067
PointLon_14=-1.30697428023026
PointLat_14=49.534004319427
PointLon_15=-1.31208120619461
PointLat_15=49.5419971652007
PointLon_16=-1.34102216136022
PointLat_16=49.5426098032666
PointLon_17=-1.34123673808141
PointLat_17=49.5722431378086
PointLon_18=-1.31986489665075
PointLat_18=49.571992666104
PointLon_19=-1.31904950511022
PointLat_19=49.5932714522782
PointLon_20=-1.30105451833771
PointLat_20=49.5948216559157
PointLon_21=-1.29017663531146
PointLat_21=49.6215253629749
PointLon_22=-1.28906083636126
PointLat_22=49.6776085892247
PointLon_23=-1.30481076769671
PointLat_23=49.6824403282927
PointLon_24=-1.44533388954439
PointLat_24=49.6720317320489
PointLon_25=-1.44606345039644
PointLat_25=49.6418111848113
PointLon_26=-1.47930609502029
PointLat_26=49.6420612980573
PointLon_27=-1.52290302760261
PointLat_27=49.6395323160574
PointLon_28=-1.55494856714802
PointLat_28=49.6272552815738
PointLon_29=-1.55524897455769
PointLat_29=49.6220844417163
PointLon_30=-1.65593794234075
PointLat_30=49.6218898295007
PointLon_31=-1.65641001112737
PointLat_31=49.631980837991
PointLon_32=-1.6681271368763
PointLat_32=49.6322310017299
PointLon_33=-1.66821296756478
PointLat_33=49.6380955834445
PointLon_34=-1.7029885643432
PointLat_34=49.6381233759892
PointLon_35=-1.70262267937582
PointLat_35=49.6596143161469
PointLon_36=-1.70996120324057
PointLat_36=49.66183668695
PointLon_37=-1.74598424142376
PointLat_37=49.6618644659427
PointLon_38=-1.81427073163478
PointLat_38=49.6622255914047

