[HIGHLIGHTING]
zoom=15
PointLon_0=7.56976785288218
PointLat_0=43.7938749537726
PointLon_1=7.57410230265025
PointLat_1=43.7912417858367
PointLon_2=7.57333807479277
PointLat_2=43.6577316736528
PointLon_3=7.34814065927776
PointLat_3=43.6577006253962
PointLon_4=7.34792608255657
PointLat_4=43.6067929036612
PointLon_5=7.26158860623756
PointLat_5=43.6066686052298
PointLon_6=7.26158860623756
PointLat_6=43.5734915786216
PointLon_7=7.21760401440177
PointLat_7=43.5731184761789
PointLon_8=7.21708903027091
PointLat_8=43.4831327419461
PointLon_9=7.12096657896755
PointLat_9=43.483070465142
PointLon_10=7.11603131438014
PointLat_10=43.4865890039216
PointLon_11=7.11646046782253
PointLat_11=43.5246212899155
PointLon_12=7.1009203664841
PointLat_12=43.5243723534536
PointLon_13=7.10096328182833
PointLat_13=43.5044562854744
PointLon_14=7.08184701731895
PointLat_14=43.504394030656
PointLon_15=7.08176118663047
PointLat_15=43.4902511371835
PointLon_16=7.06093582026533
PointLat_16=43.4899397892133
PointLon_17=7.06063541285566
PointLat_17=43.477310792498
PointLon_18=6.93183384480129
PointLat_18=43.4768748115119
PointLon_19=6.92852936329494
PointLat_19=43.4790858254653
PointLon_20=6.92805729450832
PointLat_20=43.5462783077094
PointLon_21=6.95716698185044
PointLat_21=43.5461538843003
PointLon_22=6.97716553226548
PointLat_22=43.5582521928775
PointLon_23=7.06007693358887
PointLat_23=43.5626096187301
PointLon_24=7.06634257384766
PointLat_24=43.5718035371177
PointLon_25=7.11471545471971
PointLat_25=43.573016138081
PointLon_26=7.11686473321421
PointLat_26=43.6547368621661
PointLon_27=7.14026667846984
PointLat_27=43.6549542103521
PointLon_28=7.14107420875436
PointLat_28=43.6750166345451
PointLon_29=7.17955328130072
PointLat_29=43.6753891051019
PointLon_30=7.18023992680854
PointLat_30=43.6837690814168
PointLon_31=7.18555133781723
PointLat_31=43.6847021616612
PointLon_32=7.23164147820165
PointLat_32=43.6861297224366
PointLon_33=7.23177022423436
PointLat_33=43.6988539124281
PointLon_34=7.27649141831059
PointLat_34=43.7013282565832
PointLon_35=7.27640558762211
PointLat_35=43.7293054210388
PointLon_36=7.29936301214864
PointLat_36=43.7292092310079
PointLon_37=7.29944884283711
PointLat_37=43.7436277331937
PointLon_38=7.34458676574422
PointLat_38=43.7440727217692
PointLon_39=7.34746209380819
PointLat_39=43.7728584841791
PointLon_40=7.38063855702396
PointLat_40=43.7744698725821
PointLon_41=7.38115354115482
PointLat_41=43.7935630590904

