[HIGHLIGHTING]
zoom=16
PointLon_0=-0.954759696952601
PointLat_0=45.5588553403796
PointLon_1=-0.938494781486292
PointLat_1=45.5589454852191
PointLon_2=-0.938366035453577
PointLat_2=45.5608084461894
PointLon_3=-0.924547294608851
PointLat_3=45.5608084461894
PointLon_4=-0.922659019462366
PointLat_4=45.559486351219
PointLon_5=-0.922487358085413
PointLat_5=45.5385089561466
PointLon_6=-0.954931358329554
PointLat_6=45.5386592518595

