[HIGHLIGHTING]
zoom=15
PointLon_0=-1.58848659726293
PointLat_0=46.4108681623252
PointLon_1=-1.57642738553198
PointLat_1=46.410808983564
PointLon_2=-1.5763415548435
PointLat_2=46.4095366246682
PointLon_3=-1.56617061825903
PointLat_3=46.4095366246682
PointLon_4=-1.56642811032446
PointLat_4=46.3940292152794
PointLon_5=-1.58350841733129
PointLat_5=46.3939108211566
PointLon_6=-1.5849675390354
PointLat_6=46.3941772075717
PointLon_7=-1.58818618985327
PointLat_7=46.3985280016212

