[HIGHLIGHTING]
zoom=14
PointLon_0=2.08442533764261
PointLat_0=50.981913091239
PointLon_1=2.08429657419638
PointLat_1=51.1184587522369
PointLon_2=2.40074605673473
PointLat_2=51.1177314072951
PointLon_3=2.39907235830943
PointLat_3=51.0117241648275
PointLon_4=2.37229744541549
PointLat_4=51.0113461538217
PointLon_5=2.33064773998521
PointLat_5=51.0035469354648
PointLon_6=2.27655160082526
PointLat_6=51.0035739408935
PointLon_7=2.27534997118659
PointLat_7=50.9917503121789
PointLon_8=2.22609252839274
PointLat_8=50.9901565589364
PointLon_9=2.21045473721697
PointLat_9=50.989778372167
PointLon_10=2.2101543298073
PointLat_10=50.9821170513326

