[HIGHLIGHTING]
zoom=14
PointLon_0=0.262962488009171
PointLat_0=49.7359275623402
PointLon_1=0.262919572664932
PointLat_1=49.7944998093782
PointLon_2=0.394772759858646
PointLat_2=49.7945552157172
PointLon_3=0.394644013825931
PointLat_3=49.7474999772485
PointLon_4=0.374988786164798
PointLat_4=49.7473058664249
PointLon_5=0.372412081563112
PointLat_5=49.7435524427773
PointLon_6=0.358593340718385
PointLat_6=49.7435524427773
PointLon_7=0.359022494160768
PointLat_7=49.7360641388995

