[HIGHLIGHTING]
zoom=15
PointLon_0=-0.139009299847583
PointLat_0=49.4169518573288
PointLon_1=-0.143729987713794
PointLat_1=49.421027797494
PointLon_2=-0.14353614141736
PointLat_2=49.514730864579
PointLon_3=-0.0127625397648701
PointLat_3=49.5143204346917
PointLon_4=-0.0129445557158814
PointLat_4=49.5207209756092
PointLon_5=0.0902763953747776
PointLat_5=49.5207209756092
PointLon_6=0.0898911274441794
PointLat_6=49.5143686792647
PointLon_7=0.192630461550625
PointLat_7=49.5144244054369
PointLon_8=0.195977858401211
PointLat_8=49.510077573344
PointLon_9=0.207393339968593
PointLat_9=49.5100218422195
PointLon_10=0.218122176028164
PointLat_10=49.5099661110314
PointLon_11=0.217815295883108
PointLat_11=49.5054587509719
PointLon_12=0.217945639643333
PointLat_12=49.4362356763258
PointLon_13=0.254173055395919
PointLat_13=49.4361598801174
PointLon_14=0.253743901953536
PointLat_14=49.4151278618939
PointLon_15=0.229103629145286
PointLat_15=49.4152446810178
PointLon_16=0.22894884359423
PointLat_16=49.4187014399901
PointLon_17=0.222683203335441
PointLat_17=49.4212418724185
PointLon_18=0.21777397826638
PointLat_18=49.4211632642451
PointLon_19=0.217667693394317
PointLat_19=49.4170409100167
PointLon_20=0.173722380894317
PointLat_20=49.4172084207733

