[HIGHLIGHTING]
zoom=16
PointLon_0=-2.11262937419938
PointLat_0=47.11635711311
PointLon_1=-2.10048433177995
PointLat_1=47.1164009196834
PointLon_2=-2.09756608837175
PointLat_2=47.1145464098552
PointLon_3=-2.09769483440442
PointLat_3=47.1022060538818
PointLon_4=-2.12151285045667
PointLat_4=47.1023813265531
PointLon_5=-2.12181325786634
PointLat_5=47.1128090119085
PointLon_6=-2.11331601970716
PointLat_6=47.1127798055589

