[HIGHLIGHTING]
zoom=16
PointLon_0=-2.30826500872931
PointLat_0=47.0450906875021
PointLon_1=-2.28178624133429
PointLat_1=47.0448859827149
PointLon_2=-2.2815716646131
PointLat_2=47.0242652627223
PointLon_3=-2.29204300860724
PointLat_3=47.024177497952
PointLon_4=-2.29303006152472
PointLat_4=47.0216907694993
PointLon_5=-2.30534676532111
PointLat_5=47.0217785383578
PointLon_6=-2.3084795854505
PointLat_6=47.0238556925596

