[HIGHLIGHTING]
zoom=16
PointLon_0=-3.67695954220957
PointLat_0=47.7875492206061
PointLon_1=-3.66459992306895
PointLat_1=47.7874915525176
PointLon_2=-3.66481449979014
PointLat_2=47.784175529816
PointLon_3=-3.65335610287852
PointLat_3=47.7840601860888
PointLon_4=-3.65331318753428
PointLat_4=47.7876933905474
PointLon_5=-3.63739159482187
PointLat_5=47.7876068886306
PointLon_6=-3.6378636636085
PointLat_6=47.7667845739908
PointLon_7=-3.67704537289805
PointLat_7=47.7668711105563

