[HIGHLIGHTING]
zoom=17
PointLon_0=-1.32651806468852
PointLat_0=46.0058750245325
PointLon_1=-1.31598234767802
PointLat_1=46.0056961742184
PointLon_2=-1.3160681783665
PointLat_2=45.9963206274037
PointLon_3=-1.32205486888774
PointLat_3=45.9963653476138
PointLon_4=-1.32244110698589
PointLat_4=45.9972001182358
PointLon_5=-1.32390022868999
PointLat_5=45.9975727796262
PointLon_6=-1.32662535304912
PointLat_6=45.9977069371124

