[HIGHLIGHTING]
zoom=16
PointLon_0=-1.85560376666537
PointLat_0=49.5190880610087
PointLon_1=-1.91482771630299
PointLat_1=49.5190044796973
PointLon_2=-1.91396940941822
PointLat_2=49.5803795141411
PointLon_3=-1.8364395453638
PointLat_3=49.5802682120997
PointLon_4=-1.8374917790285
PointLat_4=49.5434149195258
PointLon_5=-1.85242631882343
PointLat_5=49.5428301384473

