[HIGHLIGHTING]
zoom=15
PointLon_0=-1.87134209640947
PointLat_0=49.5263540124109
PointLon_1=-1.87117043503251
PointLat_1=49.5191108448082
PointLon_2=-1.91482771630299
PointLat_2=49.5190044796973
PointLon_3=-1.91396940941822
PointLat_3=49.5803795141411
PointLon_4=-1.8364395453638
PointLat_4=49.5802682120997
PointLon_5=-1.8374917790285
PointLat_5=49.5434149195258
PointLon_6=-1.8594974613997
PointLat_6=49.5427864513894
PointLon_7=-1.85863915451494
PointLat_7=49.5284153331971

