[HIGHLIGHTING]
zoom=15
PointLon_0=-1.69155364349939
PointLat_0=46.4424979228062
PointLon_1=-1.67893653229334
PointLat_1=46.4424092061326
PointLon_2=-1.67867904022791
PointLat_2=46.4414628859582
PointLon_3=-1.66945224121668
PointLat_3=46.4412558762289
PointLon_4=-1.66962390259363
PointLat_4=46.4254912539599
PointLon_5=-1.69159655884363
PointLat_5=46.4254616725216

