[HIGHLIGHTING]
zoom=8
PointLon_0=2.90640086077431
PointLat_0=43.3382016051603
PointLon_1=3.15359324358681
PointLat_1=43.342196736156
PointLon_2=3.63019248523683
PointLat_2=43.6728504168543
PointLon_3=4.56309883589902
PointLat_3=43.667217797004
PointLon_4=4.56035225386777
PointLat_4=43.522505986248
PointLon_5=4.91640517765718
PointLat_5=43.5215101993217
PointLon_6=4.93082473332124
PointLat_6=43.6806270230789
PointLon_7=5.22958002313469
PointLat_7=43.6850294765338
PointLon_8=5.455486395205
PointLat_8=43.5065046024508
PointLon_9=5.84711040857478
PointLat_9=43.3863626677859
PointLon_10=6.21858562830134
PointLat_10=43.3224555434382
PointLon_11=6.49798802089977
PointLat_11=43.4570565933367
PointLon_12=6.90385825180337
PointLat_12=43.8227357896625
PointLon_13=7.65236624864442
PointLat_13=44.0079706847959
PointLon_14=8.16751770793507
PointLat_14=44.0074768176577
PointLon_15=8.21008972941944
PointLat_15=43.9724017407506
PointLon_16=8.21228377639363
PointLat_16=43.2462759152003
PointLon_17=8.99377807762513
PointLat_17=43.2472762334535
PointLon_18=8.99515136864076
PointLat_18=43.4714786512928
PointLon_19=10.4129939646995
PointLat_19=43.4694853773219
PointLon_20=10.3985744090354
PointLat_20=41.9520654844235
PointLon_21=10.1397090525901
PointLat_21=41.9581931250341
PointLon_22=10.1440768539974
PointLat_22=40.8573142668951
PointLon_23=10.0163607895443
PointLat_23=40.8578336030407
PointLon_24=10.0026278793881
PointLat_24=40.800682220637
PointLon_25=9.42275887193746
PointLat_25=40.800682220637
PointLon_26=9.42069893541403
PointLat_26=41.1049784918531
PointLon_27=9.02274942216772
PointLat_27=41.1034262984239
PointLon_28=9.01388455780721
PointLat_28=40.7998205926837
PointLon_29=8.08326490347147
PointLat_29=40.8027587046285
PointLon_30=8.06747205679179
PointLat_30=41.1765589571008
PointLon_31=7.83448422412604
PointLat_31=41.1781918321031
PointLon_32=7.83231838502769
PointLat_32=41.9998113707163
PointLon_33=8.01565273561363
PointLat_33=41.9982805165967
PointLon_34=8.01702602662925
PointLat_34=42.3234046776954
PointLon_35=5.22333518243973
PointLat_35=42.320866248713
PointLon_36=5.22539511896317
PointLat_36=41.2242654547167
PointLon_37=2.90870310898914
PointLat_37=41.2294297579987

