[HIGHLIGHTING]
zoom=16
PointLon_0=-1.19232114108292
PointLat_0=44.683730844347
PointLon_1=-1.10416294797427
PointLat_1=44.6839749460273
PointLon_2=-1.10429169400699
PointLat_2=44.6356064806447
PointLon_3=-1.17500674456691
PointLat_3=44.6358813229904
PointLon_4=-1.17573630541896
PointLat_4=44.6405229081852
PointLon_5=-1.19223454252728
PointLat_5=44.6406145146828

