[HIGHLIGHTING]
zoom=16
PointLon_0=-1.43981109416267
PointLat_0=46.347127142937
PointLon_1=-1.42710815226814
PointLat_1=46.347127142937
PointLon_2=-1.42676482951423
PointLat_2=46.3493192695438
PointLon_3=-1.41826759135505
PointLat_3=46.3494377603694
PointLon_4=-1.41586433207771
PointLat_4=46.3480158535086
PointLon_5=-1.4155210093238
PointLat_5=46.3319575882612
PointLon_6=-1.43818031108161
PointLat_6=46.331839059547
PointLon_7=-1.44032607829353
PointLat_7=46.3324317005495

