[HIGHLIGHTING]
zoom=10
PointLon_0=9.01372471820446
PointLat_0=43.1501689248279
PointLon_1=9.82641204889059
PointLat_1=43.1512960556395
PointLon_2=9.8348234563613
PointLat_2=43.143656206478
PointLon_3=9.83455931150626
PointLat_3=42.2307963522133
PointLon_4=9.78409086668205
PointLat_4=42.2307963522133
PointLon_5=9.78385108169266
PointLat_5=41.7798854493841
PointLon_6=9.64690681040685
PointLat_6=41.7793898415341
PointLon_7=9.64656348765294
PointLat_7=41.3301929483658
PointLon_8=9.56153357359519
PointLat_8=41.3294195238904
PointLon_9=9.56170523497215
PointLat_9=41.1291179929935
PointLon_10=9.41930623394372
PointLat_10=41.1307988761938
PointLon_11=9.41879124981286
PointLat_11=41.1510953727436
PointLon_12=9.38617558819177
PointLat_12=41.1552314676774
PointLon_13=9.33278889995934
PointLat_13=41.1764248582966
PointLon_14=9.24635540087031
PointLat_14=41.1764231250879
PointLon_15=9.24687038500117
PointLat_15=41.1861129405126
PointLon_16=9.19468532640742
PointLat_16=41.185725375422
PointLon_17=9.19434200365352
PointLat_17=41.1314436238676
PointLon_18=9.00275024035838
PointLat_18=41.1302799515205
PointLon_19=8.95039352038768
PointLat_19=41.1795240220052
PointLon_20=8.88101699829688
PointLat_20=41.1788780139204
PointLon_21=8.88096331389423
PointLat_21=41.3945051305126
PointLon_22=8.46111949380688
PointLat_22=41.3939900245291
PointLon_23=8.45219310220532
PointLat_23=41.4049351484153
PointLon_24=8.45347594065671
PointLat_24=41.6808743160829
PointLon_25=8.35991153833598
PointLat_25=41.6799768604742
PointLon_26=8.35218677637309
PointLat_26=41.6881817029889
PointLon_27=8.35218677637309
PointLat_27=42.181005095315
PointLon_28=8.32729587671489
PointLat_28=42.1815139162979
PointLon_29=8.32656531164608
PointLat_29=42.6253674268799
PointLon_30=8.43625693151913
PointLat_30=42.6263778825438
PointLon_31=8.43951849768124
PointLat_31=42.8486845984006
PointLon_32=9.01157101819065
PointLat_32=42.8491880120647

