[HIGHLIGHTING]
zoom=16
PointLon_0=-4.56744987311223
PointLat_0=47.9902921076435
PointLon_1=-4.56783611121037
PointLat_1=48.0211061371703
PointLon_2=-4.55118495764592
PointLat_2=48.0215654026468
PointLon_3=-4.55122787299016
PointLat_3=48.0271336709816
PointLon_4=-4.52989894690373
PointLat_4=48.0272771751007
PointLon_5=-4.52032882513859
PointLat_5=48.0209339115618
PointLon_6=-4.52092963995793
PointLat_6=47.9902774951935

