[HIGHLIGHTING]
zoom=15
PointLon_0=-4.642774052793
PointLat_0=48.1150690671938
PointLon_1=-4.83617228780851
PointLat_1=48.1150977190478
PointLon_2=-4.8363868645297
PointLat_2=48.1060142810784
PointLon_3=-4.86998957906827
PointLat_3=48.1060429379813
PointLon_4=-4.87033619395772
PointLat_4=48.0957611694824
PointLon_5=-4.87690224162618
PointLat_5=48.0958758198628
PointLon_6=-4.87673058024923
PointLat_6=48.0909169573256
PointLon_7=-4.90086401616794
PointLat_7=48.090945622645
PointLon_8=-4.9013790002988
PointLat_8=48.0790481424049
PointLon_9=-4.94120351091412
PointLat_9=48.0789047824914
PointLon_10=-4.94133225694683
PointLat_10=48.0157121637946
PointLon_11=-4.90627042070416
PointLat_11=48.0155399201663
PointLon_12=-4.90614167467144
PointLat_12=47.979543128876
PointLon_13=-4.64347582960136
PointLat_13=47.9793707644564

