[HIGHLIGHTING]
zoom=5
PointLon_0=-34.4146600940671
PointLat_0=60.7599454335934
PointLon_1=-0.795324721871244
PointLat_1=60.6416651943184
PointLon_2=-0.858496108590074
PointLat_2=54.6323832356179
PointLon_3=0.875279985111392
PointLat_3=52.5747824183454
PointLon_4=1.90799482886139
PointLat_4=52.0644145798496
PointLon_5=3.31364084677089
PointLat_5=51.6924633007078
PointLon_6=3.32372426360456
PointLat_6=51.089625898129
PointLon_7=2.83182727028372
PointLat_7=50.6516982658156
PointLon_8=1.21474229108688
PointLat_8=49.2013656737473
PointLon_9=0.120217645276268
PointLat_9=48.9913912395366
PointLon_10=0.666539750735993
PointLat_10=48.4069501571925
PointLon_11=0.523717485110993
PointLat_11=47.7611030436681
PointLon_12=0.0842643601109927
PointLat_12=47.553904515133
PointLon_13=1.24881514136099
PointLat_13=46.2402602893948
PointLon_14=1.95194014136099
PointLat_14=45.7057838215024
PointLon_15=2.14969404761099
PointLat_15=45.1971232564198
PointLon_16=2.75394209448599
PointLat_16=44.886611261491
PointLon_17=3.22635420386099
PointLat_17=44.715111319296
PointLon_18=4.16308266430182
PointLat_18=44.3639827930341
PointLon_19=8.03437102572502
PointLat_19=44.8255512394598
PointLon_20=10.5020388837834
PointLat_20=44.9811830591057
PointLon_21=13.6741980222491
PointLat_21=44.6812167069699
PointLon_22=14.9564674455933
PointLat_22=42.6939830068896
PointLon_23=16.8680885393433
PointLat_23=42.1098780142449
PointLon_24=17.0218971330933
PointLat_24=37.115828795845
PointLon_25=16.7142799455933
PointLat_25=34.5422959303798
PointLon_26=4.87444969475855
PointLat_26=34.1977047167175
PointLon_27=4.58880516350855
PointLat_27=33.2290244479489
PointLon_28=-5.87017921149145
PointLat_28=33.3208753312826
PointLon_29=-6.13385108649145
PointLat_29=34.1977047167175
PointLon_30=-34.7533821242641
PointLat_30=34.4155062182167

