[HIGHLIGHTING]
zoom=17
PointLon_0=-1.37072590363862
PointLat_0=46.0408229300159
PointLon_1=-1.3612845279062
PointLat_1=46.0408825089844
PointLon_2=-1.35954645646455
PointLat_2=46.0394823862395
PointLon_3=-1.35939625275971
PointLat_3=46.0321535053701
PointLon_4=-1.37647655976655
PointLat_4=46.0324067552709
PointLon_5=-1.37662676347138
PointLat_5=46.0399292377788
PointLon_6=-1.37119797242524
PointLat_6=46.0399441327679

