[HIGHLIGHTING]
zoom=16
PointLon_0=-0.776634527233464
PointLat_0=49.3627537435197
PointLon_1=-0.738225294140202
PointLat_1=49.3624742489676
PointLon_2=-0.738568616894109
PointLat_2=49.3431852882461
PointLon_3=-0.778007818249089
PointLat_3=49.3436046939081

