[HIGHLIGHTING]
zoom=16
PointLon_0=1.81073832147654
PointLat_0=50.9320822619446
PointLon_1=1.76734996627842
PointLat_1=50.9323527313251
PointLon_2=1.76666332077061
PointLat_2=50.9275651908251
PointLon_3=1.7383656066073
PointLat_3=50.9273039526256
PointLon_4=1.73767896109949
PointLat_4=50.9205410122398
PointLon_5=1.68124583127975
PointLat_5=50.9204598509857
PointLon_6=1.68128874662399
PointLat_6=51.0225015989657
PointLon_7=1.9203106054338
PointLat_7=51.022447610132
PointLon_8=1.91923772182784
PointLat_8=50.9595227567116
PointLon_9=1.8727463569731
PointLat_9=50.9594687249898
PointLon_10=1.87197388077681
PointLat_10=50.9556842186359
PointLon_11=1.86721027756636
PointLat_11=50.955603118698
PointLon_12=1.86085880661909
PointLat_12=50.9535755742508
PointLon_13=1.85708225632613
PointLat_13=50.9535485397273
PointLon_14=1.85545147324507
PointLat_14=50.9519264395346
PointLon_15=1.82816388227989
PointLat_15=50.952440110721
PointLon_16=1.81794189966729
PointLat_16=50.9424168379841

