[HIGHLIGHTING]
zoom=17
PointLon_0=9.47873876684324
PointLat_0=42.9521027193888
PointLon_1=9.4792537509741
PointLat_1=42.9849142273249
PointLon_2=9.45736692541258
PointLat_2=42.9854479230251
PointLon_3=9.45599363439695
PointLat_3=42.9816805601799
PointLon_4=9.45603654974119
PointLat_4=42.9775361944022
PointLon_5=9.44706724279539
PointLat_5=42.977724580725
PointLon_6=9.44672392004149
PointLat_6=42.9534639478094
PointLon_7=9.4488696872534
PointLat_7=42.9521447112612

