[HIGHLIGHTING]
zoom=15
PointLon_0=-1.51663576810984
PointLat_0=46.2855928219803
PointLon_1=-1.30172351384612
PointLat_1=46.2856224792295
PointLon_2=-1.30198100591155
PointLat_2=46.1833396738937
PointLon_3=-1.33959894384314
PointLat_3=46.1834288115255
PointLon_4=-1.34074322017605
PointLat_4=46.1905141418875
PointLon_5=-1.36327486520238
PointLat_5=46.1941115265316
PointLon_6=-1.37906771188206
PointLat_6=46.1943788865932
PointLon_7=-1.40964993388287
PointLat_7=46.1841634158102
PointLon_8=-1.46495933475797
PointLat_8=46.2033487819961
PointLon_9=-1.47753353061979
PointLat_9=46.202784445807
PointLon_10=-1.48933525028532
PointLat_10=46.1992200833211
PointLon_11=-1.51704422046544
PointLat_11=46.1994419870277

