[HIGHLIGHTING]
zoom=17
PointLon_0=9.13526223958378
PointLat_0=41.3927994924814
PointLon_1=9.14270805180912
PointLat_1=41.3927512002017
PointLon_2=9.14272950948124
PointLat_2=41.3902399522218
PointLon_3=9.14736436665898
PointLat_3=41.3898696959167
PointLon_4=9.14850162328129
PointLat_4=41.3903365404764
PointLon_5=9.14841579259281
PointLat_5=41.3928316873145
PointLon_6=9.16549609959965
PointLat_6=41.3928799795344
PointLon_7=9.16642959601214
PointLat_7=41.3921394948872
PointLon_8=9.16640813834002
PointLat_8=41.3802852210729
PointLon_9=9.13619573599627
PointLat_9=41.3803174221032
PointLon_10=9.13531597143939
PointLat_10=41.381090242046

