[HIGHLIGHTING]
zoom=16
PointLon_0=-3.2095874477269
PointLat_0=47.6826650612074
PointLon_1=-3.18365285219665
PointLat_1=47.6823472464152
PointLon_2=-3.18425366701599
PointLat_2=47.6473216123498
PointLon_3=-3.19463918032165
PointLat_3=47.6471770534748
PointLon_4=-3.20150563539978
PointLat_4=47.6445460120456
PointLon_5=-3.20159146608825
PointLat_5=47.638213621843
PointLon_6=-3.19370167131337
PointLat_6=47.6283917158864
PointLon_7=-3.18413154954823
PointLat_7=47.6284495602778
PointLon_8=-3.18451778764637
PointLat_8=47.6141021904435
PointLon_9=-3.24881174519762
PointLat_9=47.6145650702844
PointLon_10=-3.24833967641099
PointLat_10=47.6674067719851
PointLon_11=-3.22838404134019
PointLat_11=47.6676090759013
PointLon_12=-3.22834112599595
PointLat_12=47.6767408360307
PointLon_13=-3.21001627400621
PointLat_13=47.6769142084232

