[HIGHLIGHTING]
zoom=14
PointLon_0=1.27932711824512
PointLat_0=50.0413034038895
PointLon_1=1.27979918703174
PointLat_1=50.1068152731394
PointLon_2=1.41319709014819
PointLat_2=50.1065400311947
PointLon_3=1.4127679367058
PointLat_3=50.0513317834168
PointLon_4=1.39139609527514
PointLat_4=50.0515522308099
PointLon_5=1.39118151855395
PointLat_5=50.0492925970241
PointLon_6=1.37722314524783
PointLat_6=50.0492099254779
PointLon_7=1.37726606059207
PointLat_7=50.0479698351962
PointLon_8=1.36739553141726
PointLat_8=50.0475289064854
PointLon_9=1.36696637797488
PointLat_9=50.0413554791998

