[HIGHLIGHTING]
zoom=16
PointLon_0=-3.54873195819929
PointLat_0=47.7487725223225
PointLon_1=-3.51877704792097
PointLat_1=47.7484839661872
PointLon_2=-3.51912037067488
PointLat_2=47.7864417092046
PointLon_3=-3.53770271473006
PointLat_3=47.7867588893059
PointLon_4=-3.53851810627058
PointLat_4=47.7814530766514
PointLon_5=-3.54860321216658
PointLat_5=47.7812800519034

