[HIGHLIGHTING]
zoom=16
PointLon_0=3.96699035696292
PointLat_0=43.5487079845642
PointLon_1=4.0003784947803
PointLat_1=43.5487701936648
PointLon_2=4.00282466940189
PointLat_2=43.5468727872107
PointLon_3=4.00278175405765
PointLat_3=43.5304779526931
PointLon_4=3.96947944692874
PointLat_4=43.5304157247162
PointLon_5=3.96660411886478
PointLat_5=43.5328736809837

