[HIGHLIGHTING]
zoom=16
PointLon_0=-1.67133251061304
PointLat_0=49.2652824914571
PointLon_1=-1.67017379631861
PointLat_1=49.3432725769457
PointLon_2=-1.70327998261224
PointLat_2=49.3434682996856
PointLon_3=-1.71954489807855
PointLat_3=49.3516879517881
PointLon_4=-1.71963072876703
PointLat_4=49.3709565865157
PointLon_5=-1.74225809481104
PointLat_5=49.3705428720301
PointLon_6=-1.74607756044825
PointLat_6=49.383587513377
PointLon_7=-1.7553759164647
PointLat_7=49.3836074823091
PointLon_8=-1.81227142852534
PointLat_8=49.3835677000372
PointLon_9=-1.81209976714838
PointLat_9=49.265529595526

