[HIGHLIGHTING]
zoom=14
PointLon_0=-1.3259159565654
PointLat_0=44.8003449432223
PointLon_1=-1.13314023024704
PointLat_1=44.8004667482552
PointLon_2=-1.0607624082077
PointLat_2=44.7290796505511
PointLon_3=-0.994844439457696
PointLat_3=44.7115153899209
PointLon_4=-0.993920589217347
PointLat_4=44.617828516018
PointLon_5=-1.03321132170179
PointLat_5=44.6188949917216
PointLon_6=-1.12156432338433
PointLat_6=44.5874088985452
PointLon_7=-1.12139266200738
PointLat_7=44.5694348035493
PointLon_8=-1.20364602712011
PointLat_8=44.5689456348772
PointLon_9=-1.20509877773227
PointLat_9=44.454472265589
PointLon_10=-1.31895191091891
PointLat_10=44.4540575189324
PointLon_11=-1.32581836599704
PointLat_11=44.4588361491052

