[HIGHLIGHTING]
zoom=17
PointLon_0=3.11690910955714
PointLat_0=42.4891940040455
PointLon_1=3.14705713888454
PointLat_1=42.4894629942824
PointLon_2=3.14885958334254
PointLat_2=42.4879597987172
PointLon_3=3.14896687170314
PointLat_3=42.4772465064721
PointLon_4=3.1270585884695
PointLat_4=42.4773731144324
PointLon_5=3.12692984243678
PointLat_5=42.4786866569048
PointLon_6=3.12439783712672
PointLat_6=42.4795887122715
PointLon_7=3.12023504873561
PointLat_7=42.4794779342427
PointLon_8=3.11948403021144
PointLat_8=42.4790822968245
PointLon_9=3.11701639791774
PointLat_9=42.4791297734468

