[HIGHLIGHTING]
zoom=16
PointLon_0=8.85918386956306
PointLat_0=41.6982055605938
PointLon_1=8.90167006035896
PointLat_1=41.6978530852122
PointLon_2=8.90124090691657
PointLat_2=41.6924375387878
PointLon_3=8.92140076732609
PointLat_3=41.6922773085759
PointLon_4=8.92161534404729
PointLat_4=41.6741046136838
PointLon_5=8.9083974180219
PointLat_5=41.6742007790145
PointLon_6=8.90665109249303
PointLat_6=41.6669631642333
PointLon_7=8.85901506038854
PointLat_7=41.6670913988674

