[HIGHLIGHTING]
zoom=15
PointLon_0=3.03588761455292
PointLat_0=43.0250701244818
PointLon_1=3.10760195485553
PointLat_1=43.0251956182991
PointLon_2=3.10876066914997
PointLat_2=43.0236583013604
PointLon_3=3.1090181612154
PointLat_3=43.0030977616818
PointLon_4=3.05571730367145
PointLat_4=43.0032546850484
PointLon_5=3.05485899678668
PointLat_5=43.0099706294334
PointLon_6=3.03566290445926
PointLat_6=43.0099078669971

