[HIGHLIGHTING]
zoom=14
PointLon_0=-1.16613092670222
PointLat_0=45.6992896220827
PointLon_1=-1.35436710806964
PointLat_1=45.6995661979707
PointLon_2=-1.35441002341388
PointLat_2=45.619378162121
PointLon_3=-1.27915297708213
PointLat_3=45.618777840484
PointLon_4=-1.27902423104941
PointLat_4=45.5885614196327
PointLon_5=-1.2533986932408
PointLat_5=45.5883812248602
PointLon_6=-1.24280746931683
PointLat_6=45.5646466169471
PointLon_7=-1.22259315754883
PointLat_7=45.564286073309
PointLon_8=-1.22285064961426
PointLat_8=45.5297594556633
PointLon_9=-0.999338214348797
PointLat_9=45.5298195833507
PointLon_10=-0.999466960381512
PointLat_10=45.649619619927
PointLon_11=-1.0602789417554
PointLat_11=45.649619619927
PointLon_12=-1.09546436789246
PointLat_12=45.6537145677245
PointLon_13=-1.09576477530213
PointLat_13=45.6715158507102
PointLon_14=-1.14980926758388
PointLat_14=45.671455874682
PointLon_15=-1.16611231603502
PointLat_15=45.6880368946608

