[HIGHLIGHTING]
zoom=16
PointLon_0=-0.281657540751949
PointLat_0=49.2864373373287
PointLon_1=-0.282301270915524
PointLat_1=49.3526632057627
PointLon_2=-0.153702968849874
PointLat_2=49.3522718326562
PointLon_3=-0.15378879953835
PointLat_3=49.3003387777591
PointLon_4=-0.169409984841085
PointLat_4=49.3002548231823
PointLon_5=-0.245253474245719
PointLat_5=49.2394951523108
PointLon_6=-0.246068865786246
PointLat_6=49.2319573667015
PointLon_7=-0.27075826001153
PointLat_7=49.2319293430476
PointLon_8=-0.270727077991804
PointLat_8=49.2085665465759
PointLon_9=-0.297806660206159
PointLat_9=49.2085385096553
PointLon_10=-0.301024057553623
PointLat_10=49.177362966301
PointLon_11=-0.360386627077294
PointLat_11=49.177362966301
PointLon_12=-0.360043304323387
PointLat_12=49.1846005246881
PointLon_13=-0.282622160368753
PointLat_13=49.2467169275305
PointLon_14=-0.282475963250102
PointLat_14=49.2596646023797
PointLon_15=-0.260889545098246
PointLat_15=49.2598326496444
PointLon_16=-0.253908242988856
PointLat_16=49.2770084349094
PointLon_17=-0.253607835579188
PointLat_17=49.2863869002655

