[HIGHLIGHTING]
zoom=16
PointLon_0=3.79383178980858
PointLat_0=43.4366373188211
PointLon_1=3.79692169459374
PointLat_1=43.4347363861758
PointLon_2=3.79756542475731
PointLat_2=43.3663310009313
PointLon_3=3.65784563302046
PointLat_3=43.3662062067066
PointLon_4=3.65466989754683
PointLat_4=43.3688892259599
PointLon_5=3.65492738961226
PointLat_5=43.4364715616779
PointLon_6=3.65864413892478
PointLat_6=43.436522904664
PointLon_7=3.65868705426902
PointLat_7=43.4421786158779
PointLon_8=3.65825790082664
PointLat_8=43.4421786158779
PointLon_9=3.65694898282737
PointLat_9=43.4431757112434
PointLon_10=3.65705627118797
PointLat_10=43.4491637550716
PointLon_11=3.66104739820213
PointLat_11=43.4490547093614
PointLon_12=3.66106885587425
PointLat_12=43.4476059405561
PointLon_13=3.66403001462669
PointLat_13=43.4476370972396
PointLon_14=3.66407292997093
PointLat_14=43.4420753749974
PointLon_15=3.65900891935081
PointLat_15=43.4421221142895
PointLon_16=3.65894454633445
PointLat_16=43.436517103998
PointLon_17=3.69034246061326
PointLat_17=43.436517103998
PointLon_18=3.69040683362962
PointLat_18=43.4474562451534
PointLon_19=3.69270280454637
PointLat_19=43.4474250883768
PointLon_20=3.69323924634934
PointLat_20=43.446054174316
PointLon_21=3.69574979398728
PointLat_21=43.4460385955686
PointLon_22=3.696779762249
PointLat_22=43.4466305851497
PointLon_23=3.69710162733079
PointLat_23=43.4475029802883
PointLon_24=3.69898990247727
PointLat_24=43.4475497153871
PointLon_25=3.69901136014939
PointLat_25=43.4371268945553
PointLon_26=3.69075015638352
PointLat_26=43.437158056636
PointLon_27=3.69066432569505
PointLat_27=43.4364413247212
PointLon_28=3.70844193446561
PointLat_28=43.4364497248626
PointLon_29=3.70869942653104
PointLat_29=43.4254172164876
PointLon_30=3.74316519773963
PointLat_30=43.425604224909
PointLon_31=3.74277895964148
PointLat_31=43.436605536849

