[HIGHLIGHTING]
zoom=10
PointLon_0=2.30315538900584
PointLat_0=43.9053933233058
PointLon_1=2.97606798666209
PointLat_1=43.9212222058715
PointLon_2=2.98430773275584
PointLat_2=44.0121565734632
PointLon_3=4.73388048666209
PointLat_3=44.0161070837075
PointLon_4=4.72564074056834
PointLat_4=44.4941352736534
PointLon_5=10.4603944688573
PointLat_5=44.4843384613492
PointLon_6=10.4713807969823
PointLat_6=44.1798211616124
PointLon_7=10.6746278672948
PointLat_7=43.9627529909592
PointLon_8=10.6608949571385
PointLat_8=43.5441490411471
PointLon_9=11.358526793076
PointLat_9=43.5461398510843
PointLon_10=11.347540464951
PointLat_10=43.059320737081
PointLon_11=11.5260682969823
PointLat_11=43.0452716504805
PointLon_12=11.5205751329198
PointLat_12=41.0817729891785
PointLon_13=9.76001605088853
PointLat_13=41.0879835895428
PointLon_14=9.7703856139802
PointLat_14=40.5950866231109
PointLon_15=9.6275633483552
PointLat_15=40.6597075409269
PointLon_16=9.63580309444895
PointLat_16=40.7409159916464
PointLon_17=9.59185778194895
PointLat_17=40.8012375714062
PointLon_18=8.22405993038645
PointLat_18=40.8012375714062
PointLon_19=8.2377928405427
PointLat_19=40.7700435913886
PointLon_20=8.2982176452302
PointLat_20=40.7492394651886
PointLon_21=8.40533434444895
PointLat_21=40.5637959918758
PointLon_22=6.23121170663739
PointLat_22=40.5617094294171
PointLon_23=6.22846512460614
PointLat_23=38.8117965573633
PointLon_24=1.59630831177845
PointLat_24=38.8203566880084
PointLon_25=1.5935617297472
PointLat_25=42.9304456984644
PointLon_26=2.29943331177845
PointLat_26=42.934467557916

