[HIGHLIGHTING]
zoom=16
PointLon_0=3.07555086674742
PointLat_0=42.5450257541935
PointLon_1=3.16713971453367
PointLat_1=42.5451838425769
PointLon_2=3.1691996510571
PointLat_2=42.543824269397
PointLon_3=3.16907090502439
PointLat_3=42.5134437892037
PointLon_4=3.0944679072605
PointLat_4=42.513190719036
PointLon_5=3.0944679072605
PointLat_5=42.517208086957
PointLon_6=3.09253671676978
PointLat_6=42.5177774567907
PointLon_7=3.09185007126197
PointLat_7=42.5204344474198
PointLon_8=3.0756085396169
PointLat_8=42.5203395568428

