[HIGHLIGHTING]
zoom=16
PointLon_0=-1.95259237676596
PointLat_0=46.7000962543044
PointLon_1=-1.93186426549887
PointLat_1=46.7000079579975
PointLon_2=-1.9324650803182
PointLat_2=46.6819336081473
PointLon_3=-1.96984434514975
PointLat_3=46.6821397015963
PointLon_4=-1.97010183721518
PointLat_4=46.6976239031303
PointLon_5=-1.95366526037192
PointLat_5=46.6978299367186

