[HIGHLIGHTING]
zoom=14
PointLon_0=-1.34310806014562
PointLat_0=43.8650384412294
PointLon_1=-1.33212173202062
PointLat_1=43.8583548427474
PointLon_2=-1.33452499129796
PointLat_2=43.6764697736947
PointLon_3=-1.38276183822179
PointLat_3=43.6770905416389
PointLon_4=-1.38446577887035
PointLat_4=43.5806516533971
PointLon_5=-1.42823942999339
PointLat_5=43.5539099710642
PointLon_6=-1.43025323101006
PointLat_6=43.4864265604025
PointLon_7=-1.52432366558037
PointLat_7=43.485430178161
PointLon_8=-1.52445809579395
PointLat_8=43.3868233025929
PointLon_9=-1.61612527108692
PointLat_9=43.3876965598134
PointLon_10=-1.61664025521778
PointLat_10=43.3691059400349
PointLon_11=-1.79259521655797
PointLat_11=43.369230728294
PointLon_12=-1.79963333301305
PointLat_12=43.3740972701406
PointLon_13=-1.79997665576695
PointLat_13=43.8643218348649

