[HIGHLIGHTING]
zoom=16
PointLon_0=-1.64935117767481
PointLat_0=43.4296391016637
PointLon_1=-1.70054927761256
PointLat_1=43.4297325994251
PointLon_2=-1.70042053157984
PointLat_2=43.3808131051132
PointLon_3=-1.68600097591578
PointLat_3=43.3809378692836
PointLon_4=-1.68630138332545
PointLat_4=43.3783177677903
PointLon_5=-1.64926544124781
PointLat_5=43.378567306144
PointLon_6=-1.64965167934596
PointLat_6=43.3823414485088
PointLon_7=-1.65510192806422
PointLat_7=43.3822790678999
PointLon_8=-1.65497318203151
PointLat_8=43.3883296881124
PointLon_9=-1.64956584865748
PointLat_9=43.3882985008969

