[HIGHLIGHTING]
zoom=15
PointLon_0=-0.716973553933185
PointLat_0=45.1409822058809
PointLon_1=-0.634645607007671
PointLat_1=45.1413151855821
PointLon_2=-0.63443103028648
PointLat_2=45.1349579645552
PointLon_3=-0.617565300000835
PointLat_3=45.1347460449811
PointLon_4=-0.617522384656597
PointLat_4=45.0694538623479
PointLon_5=-0.598843601596399
PointLat_5=45.069241699489
PointLon_6=-0.592921284091517
PointLat_6=45.0571471147438
PointLon_7=-0.555206413149851
PointLat_7=45.0462792449825
PointLon_8=-0.522376174807566
PointLat_8=45.0461579600138
PointLon_9=-0.522719497561472
PointLat_9=45.0046326576626
PointLon_10=-0.542803878664988
PointLat_10=45.00445059771
PointLon_11=-0.543061370730418
PointLat_11=44.9933134972119
PointLon_12=-0.522633666872996
PointLat_12=44.9933438464759
PointLon_13=-0.522976989626902
PointLat_13=44.9320683987905
PointLon_14=-0.541816825747508
PointLat_14=44.9320683987905
PointLon_15=-0.521863115075707
PointLat_15=44.914444363827
PointLon_16=-0.522335183862328
PointLat_16=44.8429954907186
PointLon_17=-0.549157274011254
PointLat_17=44.8435127775142
PointLon_18=-0.54950059676516
PointLat_18=44.8350530339033
PointLon_19=-0.579579354457664
PointLat_19=44.8353269299499
PointLon_20=-0.58043766134243
PointLat_20=44.8391917687012
PointLon_21=-0.580308915309715
PointLat_21=44.9771460641239
PointLon_22=-0.559065819911766
PointLat_22=44.9774799993113
PointLon_23=-0.558979989223289
PointLat_23=44.9902257126381
PointLon_24=-0.560267449550438
PointLat_24=44.9910451812762
PointLon_25=-0.593655587367821
PointLat_25=44.9918646381976
PointLon_26=-0.593274111796489
PointLat_26=45.0104454490173
PointLon_27=-0.641470620521416
PointLat_27=45.0568836186944
PointLon_28=-0.65910882700335
PointLat_28=45.0567926718564
PointLon_29=-0.717995817472563
PointLat_29=45.1043743052894

