[HIGHLIGHTING]
zoom=16
PointLon_0=-1.55703911903406
PointLat_0=48.7913870538261
PointLon_1=-1.71325703869186
PointLat_1=48.79152841732
PointLon_2=-1.71308537731491
PointLat_2=48.822539306487
PointLon_3=-1.78472750955356
PointLat_3=48.8227653474195
PointLon_4=-1.78464167886508
PointLat_4=48.8391046914472
PointLon_5=-1.80783429898766
PointLat_5=48.8391329372793
PointLon_6=-1.82040155767688
PointLat_6=48.8481279114162
PointLon_7=-1.83679956944787
PointLat_7=48.843919862634
PointLon_8=-1.83632750066125
PointLat_8=48.8442305360425
PointLon_9=-1.83598417790734
PointLat_9=48.8558155827456
PointLon_10=-1.89354185439333
PointLat_10=48.8556179274464
PointLon_11=-1.89465765334352
PointLat_11=48.86185781099
PointLon_12=-1.89860586501344
PointLat_12=48.8620836745387
PointLon_13=-1.90045122481569
PointLat_13=48.8629588861626
PointLon_14=-1.90500025130495
PointLat_14=48.8634670665336
PointLon_15=-1.90518180390368
PointLat_15=48.9249207444619
PointLon_16=-1.678061020366
PointLat_16=48.9244977814263
PointLon_17=-1.67900515793924
PointLat_17=48.857589744804
PointLon_18=-1.56490905204487
PointLat_18=48.8582673901732
PointLon_19=-1.57260070992967
PointLat_19=48.835785623572
PointLon_20=-1.55676494790574
PointLat_20=48.8360116047562

