[HIGHLIGHTING]
zoom=16
PointLon_0=8.84985817990392
PointLat_0=42.6424799213767
PointLon_1=8.85316266141027
PointLat_1=42.6412487449364
PointLon_2=8.85299100003331
PointLat_2=42.5969860064114
PointLon_3=8.82908715329259
PointLat_3=42.5970175977913
PointLon_4=8.82895840725988
PointLat_4=42.6010295728632
PointLon_5=8.81428135953038
PointLat_5=42.6007452681735
PointLon_6=8.81420280474607
PointLat_6=42.5670927508463
PointLon_7=8.80398895281735
PointLat_7=42.5673456026404
PointLon_8=8.80417087466778
PointLat_8=42.5550373635789
PointLon_9=8.75097228173054
PointLat_9=42.5549109128678
PointLon_10=8.75071478966511
PointLat_10=42.5520024757967
PointLon_11=8.71932302814028
PointLat_11=42.5520657041308
PointLon_12=8.71940885882876
PointLat_12=42.6045886841162
PointLon_13=8.81340391618468
PointLat_13=42.6044307462491
PointLon_14=8.81340391618468
PointLat_14=42.6427076197607

