[HIGHLIGHTING]
zoom=16
PointLon_0=-1.02734835423999
PointLat_0=49.3863398382515
PointLon_1=-1.02661879338794
PointLat_1=49.4074761038689
PointLon_2=-1.06833400112248
PointLat_2=49.4076715711132
PointLon_3=-1.06764735561467
PointLat_3=49.3883390431728
PointLon_4=-1.05734767299748
PointLat_4=49.388087629054
PointLon_5=-1.05636062008
PointLat_5=49.3860762697853

