[HIGHLIGHTING]
zoom=16
PointLon_0=8.97615899493587
PointLat_0=42.6696900247305
PointLon_1=8.97568692614925
PointLat_1=42.624122498763
PointLon_2=8.94375791003597
PointLat_2=42.6244698516935
PointLon_3=8.94358624865901
PointLat_3=42.6285432096094
PointLon_4=8.92201176398185
PointLat_4=42.6284169079419
PointLon_5=8.92191212703012
PointLat_5=42.6694848816074

