[HIGHLIGHTING]
zoom=15
PointLon_0=3.07970957707916
PointLat_0=43.1267861569966
PointLon_1=3.10069518041168
PointLat_1=43.1268487998713
PointLon_2=3.10095267247711
PointLat_2=43.1230274671215
PointLon_3=3.11571555089508
PointLat_3=43.1230587904914
PointLon_4=3.11545805882965
PointLat_4=43.1268487998713
PointLon_5=3.22102715927207
PointLat_5=43.1266295495293
PointLon_6=3.22051217514121
PointLat_6=43.0761992997506
PointLon_7=3.09416104071905
PointLat_7=43.0761366050315
PointLon_8=3.09441853278448
PointLat_8=43.0934299247201
PointLon_9=3.07995606177617
PointLat_9=43.0933985861843

