[HIGHLIGHTING]
zoom=16
PointLon_0=9.32563706988315
PointLat_0=42.9850823628666
PointLon_1=9.34773847216586
PointLat_1=42.9850509689434
PointLon_2=9.34816762560824
PointLat_2=42.9780811211597
PointLon_3=9.35769483202914
PointLat_3=42.9781753135585
PointLon_4=9.35752317065219
PointLat_4=42.9520327706852
PointLon_5=9.32795449847201
PointLat_5=42.9519071274058
PointLon_6=9.32563706988315
PointLat_6=42.9536032900358

