[HIGHLIGHTING]
zoom=16
PointLon_0=-0.108625896667742
PointLat_0=49.3153698512883
PointLon_1=-0.082490452026629
PointLat_1=49.3152579459666
PointLon_2=-0.083262928222918
PointLat_2=49.293823390529
PointLon_3=-0.0886273462527032
PointLat_3=49.2941312634495
PointLon_4=-0.0926613886111016
PointLat_4=49.2935155156856
PointLon_5=-0.0935626108401055
PointLat_5=49.2911923980543
PointLon_6=-0.108368404602313
PointLat_6=49.2911644080178

