[HIGHLIGHTING]
zoom=13
PointLon_0=-4.33041831782589
PointLat_0=47.8456892614697
PointLon_1=-4.41977471870148
PointLat_1=47.8454300449872
PointLon_2=-4.41994638007844
PointLat_2=47.709455968184
PointLon_3=-4.14441989465679
PointLat_3=47.7094270908513
PointLon_4=-4.14459155603375
PointLat_4=47.690566213089
PointLon_5=-4.11408777475102
PointLat_5=47.6905084374779
PointLon_6=-4.11461558279447
PointLat_6=47.6585182314508
PointLon_7=-3.88636697606619
PointLat_7=47.6583158923013
PointLon_8=-3.88688196019705
PointLat_8=47.6846455571829
PointLon_9=-3.86971582250174
PointLat_9=47.693427702743
PointLon_10=-3.84903415684581
PointLat_10=47.6893113738044
PointLon_11=-3.8486908340919
PointLat_11=47.7950435515155
PointLon_12=-3.88463528924721
PointLat_12=47.7942074785473
PointLon_13=-3.88610851819549
PointLat_13=47.9014100559341
PointLon_14=-3.95682705929379
PointLat_14=47.9015678593399
PointLon_15=-3.95738495876889
PointLat_15=47.9057682137196
PointLon_16=-3.96725548794369
PointLat_16=47.9059120554362
PointLon_17=-3.96798504879574
PointLat_17=47.9092203045925
PointLon_18=-3.99317635586361
PointLat_18=47.9095655010162
PointLon_19=-3.99395414921128
PointLat_19=47.8745236246771
PointLon_20=-4.00409153489633
PointLat_20=47.8647349870041
PointLon_21=-4.03228691606088
PointLat_21=47.864072785583
PointLon_22=-4.03280190019174
PointLat_22=47.86893832917
PointLon_23=-4.04552588581819
PointLat_23=47.86893832917
PointLon_24=-4.04655585407991
PointLat_24=47.880567718515
PointLon_25=-4.10400017841041
PointLat_25=47.8808055501035
PointLon_26=-4.10499355179468
PointLat_26=47.9299114923229
PointLon_27=-4.07641193253199
PointLat_27=47.9296239419045
PointLon_28=-4.07668762407826
PointLat_28=47.9447769597572
PointLon_29=-4.07394104204701
PointLat_29=47.945241241134
PointLon_30=-4.07422211401419
PointLat_30=47.9637803007943
PointLon_31=-4.04627210675384
PointLat_31=47.9634067298133
PointLon_32=-4.04635793744231
PointLat_32=47.987001549302
PointLon_33=-4.06558401166106
PointLat_33=47.9871164419935
PointLon_34=-4.06627065716888
PointLat_34=47.9928894704173
PointLon_35=-4.14884123082004
PointLat_35=47.9923725091239
PointLon_36=-4.14965523459149
PointLat_36=47.9637515480742
PointLon_37=-4.16636034010549
PointLat_37=47.9053850294047
PointLon_38=-4.18859048842092
PointLat_38=47.905413797993
PointLon_39=-4.19081486930498
PointLat_39=47.8596437865742
PointLon_40=-4.18974198569903
PointLat_40=47.8569658744881
PointLon_41=-4.18695248832354
PointLat_41=47.8532511222787
PointLon_42=-4.18673791160235
PointLat_42=47.8455904054627
PointLon_43=-4.19223107566485
PointLat_43=47.8448703551071
PointLon_44=-4.19312335157808
PointLat_44=47.837436423905
PointLon_45=-4.19698573255953
PointLat_45=47.8361113152655
PointLon_46=-4.19704029436234
PointLat_46=47.8289672243551
PointLon_47=-4.20077392931107
PointLat_47=47.8285638681786
PointLon_48=-4.20032308125567
PointLat_48=47.8189934751287
PointLon_49=-4.22006413960528
PointLat_49=47.8183595065031
PointLon_50=-4.22070786976885
PointLat_50=47.8272631748101
PointLon_51=-4.23386677385069
PointLat_51=47.8272055507992
PointLon_52=-4.23425301194883
PointLat_52=47.8251886701128
PointLon_53=-4.27053185365419
PointLat_53=47.8246412175464
PointLon_54=-4.27018853090029
PointLat_54=47.8452357434197
PointLon_55=-4.30335786580584
PointLat_55=47.845379753276
PointLon_56=-4.30425908803485
PointLat_56=47.830976788491
PointLon_57=-4.33065439354484
PointLat_57=47.8302565352948

