[HIGHLIGHTING]
zoom=13
PointLon_0=-1.29261541179074
PointLat_0=46.1792760533967
PointLon_1=-1.18188800791836
PointLat_1=46.1794246270168
PointLon_2=-1.18231716136074
PointLat_2=46.1744620508815
PointLon_3=-1.13073120853135
PointLat_3=46.1655458417856
PointLon_4=-1.10734234592149
PointLat_4=46.1653080638044
PointLon_5=-1.10753829864086
PointLat_5=46.0771132350966
PointLon_6=-1.32283837031158
PointLat_6=46.0770834651607
PointLon_7=-1.32202297877105
PointLat_7=46.1483586935016
PointLon_8=-1.29249722193512
PointLat_8=46.1484181564059

