[HIGHLIGHTING]
zoom=16
PointLon_0=-2.24925071559757
PointLat_0=47.0028575809473
PointLon_1=-2.23641902767032
PointLat_1=47.0029161141732
PointLon_2=-2.23534614406437
PointLat_2=46.9994625441153
PointLon_3=-2.22431690059513
PointLat_3=46.9994332756185
PointLon_4=-2.2240594085297
PointLat_4=47.0028283143103
PointLon_5=-2.18598705176473
PointLat_5=47.0028283143103
PointLon_6=-2.1866307819283
PointLat_6=46.9821508630257
PointLon_7=-2.24612359027216
PointLat_7=46.9820630290417
PointLon_8=-2.24921349505732
PointLat_8=46.9842002816871

