[HIGHLIGHTING]
zoom=16
PointLon_0=9.40969420327967
PointLat_0=41.5713539809661
PointLon_1=9.2746187699837
PointLat_1=41.5710650240353
PointLon_2=9.27182927260821
PointLat_2=41.5731519061605
PointLon_3=9.27178635726397
PointLat_3=41.6160421092719
PointLon_4=9.3024279130501
PointLat_4=41.6159137730097
PointLon_5=9.30311455855792
PointLat_5=41.618063371718
PointLon_6=9.30341496596758
PointLat_6=41.6311839952828
PointLon_7=9.31768574688364
PointLat_7=41.6335950372264
PointLon_8=9.31794323894907
PointLat_8=41.6413567925601
PointLon_9=9.40706027109547
PointLat_9=41.6415171495496
PointLon_10=9.40963519174977
PointLat_10=41.6392400429011

