[HIGHLIGHTING]
zoom=16
PointLon_0=-1.54784495304194
PointLat_0=48.9659750284796
PointLon_1=-1.59711176822748
PointLat_1=48.9656369365973
PointLon_2=-1.59771258304682
PointLat_2=49.0244089385703
PointLon_3=-1.54720122287836
PointLat_3=49.0245496443636

