[HIGHLIGHTING]
zoom=16
PointLon_0=0.970160489869833
PointLat_0=49.3652687845481
PointLon_1=0.96998882849288
PointLat_1=49.3491681321654
PointLon_2=1.00578022558761
PointLat_2=49.3484691997783
PointLon_3=1.00578022558761
PointLat_3=49.3513207815285
PointLon_4=1.02028522846362
PointLat_4=49.3512089579071
PointLon_5=1.02089442518612
PointLat_5=49.3695514740667
PointLon_6=1.02031033628903
PointLat_6=49.4130501009672
PointLon_7=1.04214708644925
PointLat_7=49.4132455460183
PointLon_8=1.04201834041654
PointLat_8=49.423448003462
PointLon_9=1.05945327845719
PointLat_9=49.4351371782264
PointLon_10=1.08262756434586
PointLat_10=49.434941820356
PointLon_11=1.08275631037858
PointLat_11=49.4514963026136
PointLon_12=1.0256928483608
PointLat_12=49.4512731108889
PointLon_13=1.02564993301657
PointLat_13=49.4487063330129
PointLon_14=1.01067247787741
PointLat_14=49.4485389297875
PointLon_15=1.01035108048726
PointLat_15=49.4276966382342
PointLon_16=1.0025404878359
PointLat_16=49.422448817916
PointLon_17=1.00212088101661
PointLat_17=49.3813155751011
PointLon_18=0.986199288304204
PointLat_18=49.3687414959616
PointLon_19=0.978691387080599
PointLat_19=49.3653370948819

