[HIGHLIGHTING]
zoom=16
PointLon_0=8.80199935893383
PointLat_0=41.6475731047249
PointLon_1=8.8277485654768
PointLat_1=41.6475089680054
PointLon_2=8.82929351786938
PointLat_2=41.6462582892137
PointLon_3=8.82950809459057
PointLat_3=41.626276205726
PointLon_4=8.81285694102612
PointLat_4=41.626276205726
PointLon_5=8.81264236430492
PointLat_5=41.6285858481942
PointLon_6=8.80204227427807
PointLat_6=41.6286500037483

