[HIGHLIGHTING]
zoom=15
PointLon_0=8.71451184526439
PointLat_0=42.1846837245788
PointLon_1=8.52505173249778
PointLat_1=42.1849577052015
PointLon_2=8.52535213990745
PointLat_2=41.9399259926138
PointLon_3=8.52964367433128
PointLat_3=41.936254810155
PointLon_4=8.57908248442678
PointLat_4=41.9360951887323
PointLon_5=8.57861041564016
PointLat_5=41.7363430714261
PointLon_6=8.60231164491755
PointLat_6=41.7361829506284
PointLon_7=8.60239747560603
PointLat_7=41.7070085213617
PointLon_8=8.78821284448494
PointLat_8=41.7067842497747
PointLon_9=8.7885132518946
PointLat_9=41.6919589554708
PointLon_10=8.81640822564949
PointLat_10=41.6917490851289
PointLon_11=8.81643519218325
PointLat_11=41.7148973382831
PointLon_12=8.81420359428286
PointLat_12=41.7162427862492
PointLon_13=8.80596384818911
PointLat_13=41.7168834658576
PointLon_14=8.80570635612368
PointLat_14=41.7720722661951
PointLon_15=8.76412138755679
PointLat_15=41.7720082535671
PointLon_16=8.76386389549136
PointLat_16=41.8041951479572
PointLon_17=8.80596384818911
PointLat_17=41.8044112950835
PointLon_18=8.80656466300845
PointLat_18=41.940440102828
PointLon_19=8.77128825004458
PointLat_19=41.9414296817834
PointLon_20=8.7668250542438
PointLat_20=41.9442387254663
PointLon_21=8.72894666078311
PointLat_21=41.9446217672892
PointLon_22=8.72941872956973
PointLat_22=41.965421469785
PointLon_23=8.75302216890078
PointLat_23=41.9651661921492
PointLon_24=8.75297925355655
PointLat_24=42.1524454804709
PointLon_25=8.71542832734805
PointLat_25=42.1519364256346

