[HIGHLIGHTING]
zoom=15
PointLon_0=-0.999622106700004
PointLat_0=45.5301010076606
PointLon_1=-0.999278783946098
PointLat_1=45.6495992218971
PointLon_2=-1.05891239131825
PointLat_2=45.6497192207239
PointLon_3=-1.05934154476064
PointLat_3=45.6533190659822
PointLon_4=-1.09530460323232
PointLat_4=45.6537390328572
PointLon_5=-1.09547626460927
PointLat_5=45.6712548453727
PointLon_6=-1.14997219258715
PointLat_6=45.6715968794242
PointLon_7=-1.16593670064379
PointLat_7=45.6879079492345
PointLon_8=-1.16593670064379
PointLat_8=45.6993588366109
PointLon_9=-1.35474387640655
PointLat_9=45.6995386747783
PointLon_10=-1.35463515035627
PointLat_10=45.6190918885082
PointLon_11=-1.27893248311994
PointLat_11=45.6186716618917
PointLon_12=-1.27876082174299
PointLat_12=45.5888981626617
PointLon_13=-1.25333780608346
PointLat_13=45.5883276064747
PointLon_14=-1.25290865264108
PointLat_14=45.5739702171201
PointLon_15=-1.24544138274362
PointLat_15=45.5728887587929
PointLon_16=-1.24286646208932
PointLat_16=45.5643565240399
PointLon_17=-1.22312540373971
PointLat_17=45.5636354307263
PointLon_18=-1.22267234746398
PointLat_18=45.5298599347982

