[HIGHLIGHTING]
zoom=15
PointLon_0=1.00657359513291
PointLat_0=49.9136195004456
PointLon_1=1.0067881718541
PointLat_1=49.9724861319019
PointLon_2=1.14190580617715
PointLat_2=49.972348125528
PointLon_3=1.14087583791543
PointLat_3=49.9424646027447
PointLon_4=1.12598421346474
PointLat_4=49.9412217564553
PointLon_5=1.11626677719777
PointLat_5=49.9277499879483
PointLon_6=1.11258371149715
PointLat_6=49.9133717351739
PointLon_7=1.07197349370583
PointLat_7=49.9137033555384
PointLon_8=1.0726172238694
PointLat_8=49.9219654933325
PointLon_9=1.06064384282692
PointLat_9=49.9216062993888
PointLon_10=1.06098716558083
PointLat_10=49.9138138951531

