[HIGHLIGHTING]
zoom=15
PointLon_0=-1.78182835455163
PointLat_0=46.5126450749506
PointLon_1=-1.78178543920739
PointLat_1=46.5095734414845
PointLon_2=-1.76918698521961
PointLat_2=46.5042882242358
PointLon_3=-1.75150586339343
PointLat_3=46.4985278835769
PointLon_4=-1.74854470464099
PointLat_4=46.489635082705
PointLon_5=-1.73423574727887
PointLat_5=46.4898189043658
PointLon_6=-1.7344932393443
PointLat_6=46.4445536183463
PointLon_7=-1.87869389513896
PointLat_7=46.444967611958
PointLon_8=-1.87822182635234
PointLat_8=46.5128701742243

