[HIGHLIGHTING]
zoom=16
PointLon_0=3.91793811849857
PointLat_0=43.5340870654989
PointLon_1=3.95124042562747
PointLat_1=43.5340248412458
PointLon_2=3.95450199178958
PointLat_2=43.531971404877
PointLon_3=3.95420158437991
PointLat_3=43.5150745699372
PointLon_4=3.92064178518558
PointLat_4=43.5150123260701
PointLon_5=3.91768062643314
PointLat_5=43.5176265132103

