[HIGHLIGHTING]
zoom=15
PointLon_0=-3.58546593157625
PointLat_0=47.723655869644
PointLon_1=-3.4638591944414
PointLat_1=47.7233960438919
PointLon_2=-3.46390210978564
PointLat_2=47.7195273738453
PointLon_3=-3.45111333720263
PointLat_3=47.7108940071962
PointLon_4=-3.42201456672776
PointLat_4=47.7108940071962
PointLon_5=-3.422057482072
PointLat_5=47.7129442003527
PointLon_6=-3.40534446607535
PointLat_6=47.7129633322115
PointLon_7=-3.37448810690815
PointLat_7=47.7478798931234
PointLon_8=-3.37461685294087
PointLat_8=47.7733127078581
PointLon_9=-3.35076385010721
PointLat_9=47.7730242878057
PointLon_10=-3.35020595063211
PointLat_10=47.7579665398377
PointLon_11=-3.33210148994537
PointLat_11=47.7577068852677
PointLon_12=-3.33218732063385
PointLat_12=47.7729666036032
PointLon_13=-3.32866826240631
PointLat_13=47.7732550239756
PointLon_14=-3.32852666106688
PointLat_14=47.7912974879402
PointLon_15=-3.29656301459056
PointLat_15=47.8012455594363
PointLon_16=-3.29652009924632
PointLat_16=47.8075869867738
PointLon_17=-3.26995199916751
PointLat_17=47.807500517971
PointLon_18=-3.27068156001956
PointLat_18=47.7771648354802
PointLon_19=-3.30869566472136
PointLat_19=47.7330067491182
PointLon_20=-3.32079505407233
PointLat_20=47.7333359574513
PointLon_21=-3.32109546148199
PointLat_21=47.7314308926071
PointLon_22=-3.33697413885016
PointLat_22=47.7309113173725
PointLon_23=-3.33803241386042
PointLat_23=47.7177736975048
PointLon_24=-3.31567351951228
PointLat_24=47.7178314429044
PointLon_25=-3.31533019675837
PointLat_25=47.7236633986019
PointLon_26=-3.29147773497076
PointLat_26=47.7235479206665
PointLon_27=-3.29180468763854
PointLat_27=47.587585229703
PointLon_28=-3.49769826571933
PointLat_28=47.5878746767545
PointLon_29=-3.49786992709629
PointLat_29=47.6062480129432
PointLon_30=-3.52708260591589
PointLat_30=47.6063348162604
PointLon_31=-3.52736906478142
PointLat_31=47.6211039202901
PointLon_32=-3.54801407245085
PointLat_32=47.6211328465263
PointLon_33=-3.54827156451628
PointLat_33=47.6292604847909
PointLon_34=-3.55415096667692
PointLat_34=47.6291737195261
PointLon_35=-3.55402854950808
PointLat_35=47.6368568319408
PointLon_36=-3.56183914215945
PointLat_36=47.6370592542383
PointLon_37=-3.56196788819216
PointLat_37=47.6448085467418
PointLon_38=-3.56973556549929
PointLat_38=47.6446061544676
PointLon_39=-3.58512787055201
PointLat_39=47.6465866773827

