[HIGHLIGHTING]
zoom=16
PointLon_0=-1.72809404660989
PointLat_0=43.4336404719802
PointLon_1=-1.81282951079517
PointLat_1=43.4336534461802
PointLon_2=-1.8130870028606
PointLat_2=43.3616947700423
PointLon_3=-1.80394603453785
PointLat_3=43.3616947700423
PointLon_4=-1.80394603453785
PointLat_4=43.3486467633938
PointLon_5=-1.7518481101177
PointLat_5=43.3486467633938
PointLon_6=-1.75154770270803
PointLat_6=43.3556680712767
PointLon_7=-1.72835153867532
PointLat_7=43.355514286013

