[HIGHLIGHTING]
zoom=16
PointLon_0=4.15544475442609
PointLat_0=43.5049534464706
PointLon_1=4.15591682321271
PointLat_1=43.5445464567253
PointLon_2=4.1938868367343
PointLat_2=43.5445464567253
PointLon_3=4.19410141345549
PointLat_3=43.5688977926618
PointLon_4=4.19049652453948
PointLat_4=43.5713230871813
PointLon_5=4.16348296871803
PointLat_5=43.5712298084288
PointLon_6=4.16301089993141
PointLat_6=43.5534420198601
PointLon_7=4.13106821724945
PointLat_7=43.5532865090431
PointLon_8=4.13115404793793
PointLat_8=43.5711054365339
PointLon_9=4.05178703789162
PointLat_9=43.5714163657895
PointLon_10=4.05162512495656
PointLat_10=43.5068214748887
PointLon_11=4.05454336836476
PointLat_11=43.5048916212801

