[HIGHLIGHTING]
zoom=16
PointLon_0=-3.7537173183525
PointLat_0=47.8256013766387
PointLon_1=-3.7317446621025
PointLat_1=47.8259183177023
PointLon_2=-3.7323025615776
PointLat_2=47.8198384743706
PointLon_3=-3.70071686821823
PointLat_3=47.8196079449727
PointLon_4=-3.70054520684135
PointLat_4=47.7853053552382
PointLon_5=-3.75393189507377
PointLat_5=47.7854783665885

