[HIGHLIGHTING]
zoom=16
PointLon_0=3.03169067767161
PointLat_0=42.6259455282503
PointLon_1=3.07220276263255
PointLat_1=42.6261349881772
PointLon_2=3.07404812243479
PointLat_2=42.6246192926169
PointLon_3=3.07426269915598
PointLat_3=42.6083864059763
PointLon_4=3.04117496874827
PointLat_4=42.6086390903256
PointLon_5=3.04126079943674
PointLat_5=42.599628898177
PointLon_6=3.03181942370432
PointLat_6=42.599660488217

