[HIGHLIGHTING]
zoom=14
PointLon_0=-0.0131591324370728
PointLat_0=49.4182866259464
PointLon_1=-0.0129445557158814
PointLat_1=49.5207209756092
PointLon_2=0.0902763953747776
PointLat_2=49.5207209756092
PointLon_3=0.0903193107190159
PointLat_3=49.5123798367402
PointLon_4=0.109059419308388
PointLat_4=49.5054587509719
PointLon_5=0.130645837460244
PointLat_5=49.5003307376217
PointLon_6=0.158136507430515
PointLat_6=49.5002749953935
PointLon_7=0.158393999495945
PointLat_7=49.505681695883
PointLon_8=0.217815295883108
PointLat_8=49.5054587509719
PointLon_9=0.215783122001976
PointLat_9=49.4364668630833
PointLon_10=0.254173055395919
PointLat_10=49.4361598801174
PointLon_11=0.253743901953536
PointLat_11=49.4151278618939
PointLon_12=0.228991758938468
PointLat_12=49.4157141698931
PointLon_13=0.22894884359423
PointLat_13=49.4187014399901
PointLon_14=0.222683203335441
PointLat_14=49.4212418724185
PointLon_15=0.216803801174796
PointLat_15=49.4209906267198
PointLon_16=0.216160071011222
PointLat_16=49.4187014399901

