[HIGHLIGHTING]
zoom=16
PointLon_0=-1.62085826878976
PointLat_0=43.5494655866162
PointLon_1=-1.50339207658361
PointLat_1=43.5493411697861
PointLon_2=-1.50352082261633
PointLat_2=43.5401958296293
PointLon_3=-1.48406594339038
PointLat_3=43.5402891564332
PointLon_4=-1.48432343545577
PointLat_4=43.5088018203375
PointLon_5=-1.46785863220653
PointLat_5=43.5085839438777
PointLon_6=-1.46772988617382
PointLat_6=43.4875830564879
PointLon_7=-1.48815759003124
PointLat_7=43.4878321447113
PointLon_8=-1.48854382812939
PointLat_8=43.4901361620826
PointLon_9=-1.49695523560009
PointLat_9=43.4902295663385
PointLon_10=-1.4970839816328
PointLat_10=43.4934052250923
PointLon_11=-1.50450833618603
PointLat_11=43.4934363581751
PointLon_12=-1.50476066064673
PointLat_12=43.5042029853301
PointLon_13=-1.50553313684302
PointLat_13=43.5155634623457
PointLon_14=-1.52201262903052
PointLat_14=43.5158746781968
PointLon_15=-1.52291385125952
PointLat_15=43.5029889996979
PointLon_16=-1.53385726404029
PointLat_16=43.5030823840748
PointLon_17=-1.5341614710087
PointLat_17=43.4812080623114
PointLon_18=-1.62102207263505
PointLat_18=43.4814571768222

