[HIGHLIGHTING]
zoom=16
PointLon_0=-4.50867281974434
PointLat_0=48.2310125318471
PointLon_1=-4.4884596926081
PointLat_1=48.2314127503777
PointLon_2=-4.48489771903633
PointLat_2=48.229554566444
PointLon_3=-4.48524104179023
PointLat_3=48.2162308411161
PointLon_4=-4.4956265550959
PointLat_4=48.2158590994832
PointLon_5=-4.50163470328926
PointLat_5=48.2183468574623
PointLon_6=-4.50124846519111
PointLat_6=48.2206915301833
PointLon_7=-4.49871645988105
PointLat_7=48.2208344945586
PointLon_8=-4.49957476676582
PointLat_8=48.2216064952854
PointLon_9=-4.5020209413874
PointLat_9=48.2225500359185
PointLon_10=-4.50841532767891
PointLat_10=48.2223498923891

