[HIGHLIGHTING]
zoom=14
PointLon_0=-2.17988781298645
PointLat_0=46.7910883756739
PointLon_1=-2.17924408282288
PointLat_1=46.6875941416796
PointLon_2=-2.23092023806815
PointLat_2=46.6881534777429
PointLon_3=-2.23104898410086
PointLat_3=46.6552596418824
PointLon_4=-2.37973560051458
PointLat_4=46.6548767058935
PointLon_5=-2.37917770103948
PointLat_5=46.6596484837969
PointLon_6=-2.40436900810735
PointLat_6=46.6596484837969
PointLon_7=-2.40441896242997
PointLat_7=46.6638867412894
PointLon_8=-2.42693758319125
PointLat_8=46.6640598318743
PointLon_9=-2.44748236466687
PointLat_9=46.6773774111691
PointLon_10=-2.46898295213025
PointLat_10=46.6780840735943
PointLon_11=-2.46868916976162
PointLat_11=46.7729306090125
PointLon_12=-2.43871219917814
PointLat_12=46.7724015440865
PointLon_13=-2.43781097694913
PointLat_13=46.7910937110561

