[HIGHLIGHTING]
zoom=16
PointLon_0=-1.65519529764243
PointLat_0=43.3821384495054
PointLon_1=-1.64978796426841
PointLat_1=43.3821384495054
PointLon_2=-1.64970213357993
PointLat_2=43.378645024864
PointLon_3=-1.68570810739585
PointLat_3=43.3785514482217
PointLon_4=-1.6858797687728
PointLat_4=43.381171539617
PointLon_5=-1.7000838391598
PointLat_5=43.3813898754558
PointLon_6=-1.70025550053675
PointLat_6=43.4297332061413
PointLon_7=-1.65111743138392
PointLat_7=43.4297643720293
PointLon_8=-1.64970122502406
PointLat_8=43.4287358892502
PointLon_9=-1.64984813717662
PointLat_9=43.3883669430916
PointLon_10=-1.65508380917369
PointLat_10=43.3882733814545

