[HIGHLIGHTING]
zoom=17
PointLon_0=4.41545799573964
PointLat_0=43.4558160460765
PointLon_1=4.42687347730702
PointLat_1=43.455769317365
PointLon_2=4.42700222333974
PointLat_2=43.4547412765775
PointLon_3=4.44075659116811
PointLat_3=43.4549437708421
PointLon_4=4.44099262556142
PointLat_4=43.4559562319941
PointLon_5=4.44335296949452
PointLat_5=43.4558316223056
PointLon_6=4.44609955152577
PointLat_6=43.4539468694532
PointLon_7=4.44605663618153
PointLat_7=43.440044079609
PointLon_8=4.41801145872182
PointLat_8=43.4399194371354
PointLon_9=4.41520050367421
PointLat_9=43.4420071646976

