[HIGHLIGHTING]
zoom=16
PointLon_0=-0.760118753531931
PointLat_0=45.2379129281414
PointLon_1=-0.728852354473515
PointLat_1=45.2377013915055
PointLon_2=-0.709245208341081
PointLat_2=45.2193828343167
PointLon_3=-0.708773139554459
PointLat_3=45.2164505150175
PointLon_4=-0.709245208341081
PointLat_4=45.1700939039982
PointLon_5=-0.737140182095963
PointLat_5=45.1702451813474
PointLon_6=-0.743534568387467
PointLat_6=45.1771127497957
PointLon_7=-0.760014060574967
PointLat_7=45.177143001569

