[HIGHLIGHTING]
zoom=16
PointLon_0=9.50830294896262
PointLat_0=42.6276933203419
PointLon_1=9.50860335637228
PointLat_1=42.7274031480301
PointLon_2=9.50551345158713
PointLat_2=42.7295468238925
PointLon_3=9.41350242111547
PointLat_3=42.7296098720611
PointLon_4=9.41345950577123
PointLat_4=42.6603452681752
PointLon_5=9.43667670700414
PointLat_5=42.6574733102875
PointLon_6=9.4401099345432
PointLat_6=42.6532440319209
PointLon_7=9.44108737077635
PointLat_7=42.6314328805707
PointLon_8=9.45027125444335
PointLat_8=42.6314328805707
PointLon_9=9.45160163011473
PointLat_9=42.6308013989874
PointLon_10=9.4537821029533
PointLat_10=42.627355852835

