[HIGHLIGHTING]
zoom=13
PointLon_0=-1.81463115957829
PointLat_0=49.6331352692251
PointLon_1=-2.01003304189973
PointLat_1=49.6328892585906
PointLon_2=-2.01372376150423
PointLat_2=49.6362246072563
PointLon_3=-2.01398125356966
PointLat_3=49.7685643324312
PointLon_4=-1.7809500488524
PointLat_4=49.7681892639107
PointLon_5=-1.78069255678697
PointLat_5=49.7306442459103
PointLon_6=-1.75193927614732
PointLat_6=49.7305332869972
PointLon_7=-1.75151012270494
PointLat_7=49.7575997423116
PointLon_8=-1.50054044130556
PointLat_8=49.7576998564579
PointLon_9=-1.50079793337099
PointLat_9=49.788186921257
PointLon_10=-1.19884130493841
PointLat_10=49.7884049259523
PointLon_11=-1.19472143189153
PointLat_11=49.7856895960164
PointLon_12=-1.19467135469978
PointLat_12=49.7245370001586
PointLon_13=-1.13587733309334
PointLat_13=49.7244260272847
PointLon_14=-1.13149996798103
PointLat_14=49.7217071126371
PointLon_15=-1.13161330546721
PointLat_15=49.5259082797676
PointLon_16=-1.30556326933513
PointLat_16=49.5259453369445
PointLon_17=-1.30590659208904
PointLat_17=49.5336331281923
PointLon_18=-1.3093398196281
PointLat_18=49.5426006899318
PointLon_19=-1.34049635954509
PointLat_19=49.5431019336385
PointLon_20=-1.34041052885661
PointLat_20=49.570217120864
PointLon_21=-1.32719260283122
PointLat_21=49.5700501329395
PointLon_22=-1.32650595732341
PointLat_22=49.571553003695
PointLon_23=-1.31895285673747
PointLat_23=49.5713860203405
PointLon_24=-1.31852370329509
PointLat_24=49.592198875238
PointLon_25=-1.3009284121574
PointLat_25=49.594479958428
PointLon_26=-1.28891211577068
PointLat_26=49.6211773875075
PointLon_27=-1.28896098539363
PointLat_27=49.6779964934255
PointLon_28=-1.30458217069636
PointLat_28=49.68277265989
PointLon_29=-1.44614930167702
PointLat_29=49.6724199431311
PointLon_30=-1.44606347098855
PointLat_30=49.6422491583972
PointLon_31=-1.4807284120502
PointLat_31=49.6424565108933
PointLon_32=-1.52475955523868
PointLat_32=49.6398997579056
PointLon_33=-1.55591609515567
PointLat_33=49.6273919665227
PointLon_34=-1.55565860309024
PointLat_34=49.6224991564953
PointLon_35=-1.65489557185814
PointLat_35=49.6220971523982
PointLon_36=-1.65601137080833
PointLat_36=49.6320491381296
PointLon_37=-1.66788310916189
PointLat_37=49.6321782384732
PointLon_38=-1.66839809329275
PointLat_38=49.6380150339503
PointLon_39=-1.70195789248708
PointLat_39=49.6380706191158
PointLon_40=-1.70255870730642
PointLat_40=49.6600773575279
PointLon_41=-1.70916767031911
PointLat_41=49.661855245372
PointLon_42=-1.81506495814618
PointLat_42=49.662479648234

