[HIGHLIGHTING]
zoom=18
PointLon_0=9.02182383488814
PointLat_0=41.4796579661981
PointLon_1=9.0313081259648
PointLat_1=41.4794007513954
PointLon_2=9.03152270268599
PointLat_2=41.4738382315526
PointLon_3=9.04152197789351
PointLat_3=41.4739668501195
PointLon_4=9.04113573979536
PointLat_4=41.4796901179767
PointLon_5=9.08258173488717
PointLat_5=41.4794315549766
PointLon_6=9.0842983486567
PointLat_6=41.4781133137164
PointLon_7=9.08440681826895
PointLat_7=41.4379683399312
PointLon_8=9.02375020548018
PointLat_8=41.4380648572418
PointLon_9=9.02177609964522
PointLat_9=41.4397056295608

